1.033,30,30,25
B0,mixamorig_Hips,-1,0.999769926071167,-0.018616266548633575,0.0034979460760951042,0,0.01834636554121971,0.9978312253952026,0.06267969310283661,0,-0.0046754637733101845,-0.06255557388067245,0.9980087280273438,0,0.01059665996581316,1.489219069480896,-0.011964322067797184,1
B1,mixamorig_Spine,0,0.9986851215362549,0.036371972411870956,-0.03295497968792915,0,-0.03418898954987526,0.9972080588340759,0.06519448757171631,0,0.035202838480472565,-0.06389124691486359,0.997297465801239,0,0,0.19666999578475952,-0.004044000059366226,1
B2,mixamorig_Spine1,1,0.9997702836990356,-0.01701539196074009,0.011496840976178646,0,0.01661086268723011,0.9992594718933105,0.034330110996961594,0,-0.012071792967617512,-0.03414883464574814,0.9993389248847961,0,0,0.2294970005750656,0,1
B3,mixamorig_Spine2,2,0.999790370464325,-0.015879621729254723,0.011402027681469917,0,0.01548558659851551,0.9992984533309937,0.0336916521191597,0,-0.011927077546715736,-0.033525075763463974,0.9993616938591003,0,0,0.26228201389312744,0,1
B4,mixamorig_Neck,3,0.9997779130935669,0.005083371885120869,-0.02007751353085041,0,-0.004885224625468254,0.9999350905418396,0.00985821895301342,0,0.02012505941092968,-0.009765119291841984,0.9997472167015076,0,0,0.29506799578666687,0,1
B5,mixamorig_Head,4,0.9988951086997986,-0.03920559212565422,-0.025523118674755096,0,0.03772842884063721,0.9976992607116699,-0.05627219006419182,0,0.027674540877342224,0.055254336446523666,0.9980787038803101,0,0,0.3114889860153198,-0.002174000022932887,1
B6,mixamorig_HeadTop_End,5,1,0,0,0,0,1,0,0,0,0,1,0,0,0.9714379906654358,-0.006781000178307295,1
B7,mixamorig_LeftShoulder,3,0.10098867118358612,0.011730064637959003,-0.9948152899742126,0,0.8311706185340881,-0.5505304336547852,0.07788366079330444,0,-0.5467627048492432,-0.834732174873352,-0.06534893810749054,0,0.10776299983263016,0.25653600692749023,-0.0015020000282675028,1
B8,mixamorig_LeftArm,7,0.9366162419319153,0.1292433887720108,-0.32499730587005615,0,0.14210398495197296,0.7079272270202637,0.6915076971054077,0,0.31936150789260864,-0.6939566731452942,0.645086944103241,0,0,0.22697299718856812,0,1
B9,mixamorig_LeftForeArm,8,0.9832745790481567,0.18210870027542114,0.0009042770834639668,0,-0.18211069703102112,0.9832553863525391,0.0062353769317269325,0,0.00024647623649798334,-0.006295575760304928,0.9999797940254211,0,0,0.6162840127944946,0,1
B10,mixamorig_LeftHand,9,1,0,0,0,0,1,0,0,0,0,1,0,0,0.43313300609588623,0,1
B11,mixamorig_RightShoulder,3,0.08497648686170578,-0.009826607070863247,0.9963317513465881,0,-0.8321288228034973,-0.550674557685852,0.0655466765165329,0,0.5480111837387085,-0.8346516489982605,-0.05496266484260559,0,-0.10776299983263016,0.2565059959888458,-0.00008399999933317304,1
B12,mixamorig_RightArm,11,0.8434509634971619,-0.4974118173122406,0.20276309549808502,0,0.36812853813171387,0.8100404739379883,0.45611122250556946,0,-0.3910433053970337,-0.31010884046554565,0.8664121031761169,0,0,0.22697299718856812,0,1
B13,mixamorig_RightForeArm,12,0.8394370675086975,-0.5432241559028625,-0.0049844966270029545,0,0.5432361364364624,0.8393258452415466,0.014088178984820843,0,-0.0034752064384520054,-0.014534594491124153,0.9998878836631775,0,0,0.6160339713096619,0,1
B14,mixamorig_RightHand,13,1,0,0,0,0,1,0,0,0,0,1,0,0,0.4333229959011078,0,1
B15,mixamorig_LeftUpLeg,0,-0.9916470050811768,0.003885414218530059,0.12862396240234375,0,0.061309635639190674,-0.8639072775840759,0.49969711899757385,0,0.11302500218153,0.5033925771713257,0.8564745187759399,0,0.18921500444412231,-0.10932400077581406,-0.002968000015243888,1
B16,mixamorig_LeftLeg,15,0.9973475337028503,-0.036859944462776184,0.06177261471748352,0,0.04892522096633911,0.9721807837486267,-0.22001956403255463,0,-0.05163317546248436,0.22240440547466278,0.9714604020118713,0,0,0.6271359920501709,0,1
B17,mixamorig_LeftFoot,16,0.9838626384735107,0.019019493833184242,0.17770789563655853,0,-0.14876782894134521,0.6380329132080078,0.7554734349250793,0,-0.09900477528572083,-0.7697197794914246,0.6306158304214478,0,0,0.5575649738311768,0,1
B18,mixamorig_LeftToeBase,17,0.9992374777793884,-0.004863998387008905,0.0387285016477108,0,-0.022863144055008888,0.7312654256820679,0.6817051768302917,0,-0.031635768711566925,-0.6820714473724365,0.7305963039398193,0,0,0.3533110022544861,0,1
B19,mixamorig_LeftToe_End,18,1,0,0,0,0,1,0,0,0,0,1,0,0,0.13574400544166565,0,1
B20,mixamorig_RightUpLeg,0,-0.9832680821418762,-0.03316470608115196,-0.17885710299015045,0,0.04120270162820816,-0.9982721209526062,-0.04091862216591835,0,-0.1771809607744217,-0.04761269688606262,0.982937216758728,0,-0.18921500444412231,-0.10932400077581406,0.00007899999764049426,1
B21,mixamorig_RightLeg,20,0.993597686290741,-0.028682388365268707,0.10907565802335739,0,0.04921361804008484,0.9802665114402771,-0.19059661030769348,0,-0.1015709787607193,0.19475914537906647,0.9754312038421631,0,0,0.6272590160369873,0,1
B22,mixamorig_RightFoot,21,0.9853143692016602,-0.06611303985118866,-0.15684829652309418,0,0.1697876900434494,0.331245481967926,0.927757203578949,0,-0.00910396222025156,-0.9409514665603638,0.3375530242919922,0,0,0.5584380030632019,0,1
B23,mixamorig_RightToeBase,22,0.9992128014564514,0.003703524125739932,-0.03950568288564682,0,0.02341815084218979,0.7487070560455322,0.6624869108200073,0,0.03203126788139343,-0.662890613079071,0.7480307221412659,0,0,0.3551889955997467,0,1
B24,mixamorig_RightToe_End,23,1,0,0,0,0,1,0,0,0,0,1,0,0,0.13565100729465485,0,1
@20,0,1,2,3,4,5,7,8,9,11,12,13,15,16,17,18,20,21,22,23
K0.000,0.9993600249290466,0.013666000217199326,-0.03305299952626228,0,-0.012532000429928303,0.9993339776992798,0.034283000975847244,0,0.03349899873137474,-0.03384700044989586,0.998865008354187,0,-0.00046300000394694507,1.5065089464187622,0.0021069999784231186,1,0.9996150135993958,-0.016939999535679817,0.021990999579429626,0,0.014964000321924686,0.996088981628418,0.08707399666309357,0,-0.02338000014424324,-0.08671099692583084,0.9959589838981628,0,0,0.19666999578475952,-0.004044000059366226,1,0.9988769888877869,0.01875700056552887,0.0434969998896122,0,-0.020615000277757645,0.9988759756088257,0.042684998363256454,0,-0.04264799878001213,-0.04353399947285652,0.9981409907341003,0,0,0.2294970005750656,0,1,0.9988669753074646,0.020735999569296837,0.04284000024199486,0,-0.022544000297784805,0.9988570213317871,0.04215399920940399,0,-0.04191699996590614,-0.04307200014591217,0.9981920123100281,0,0,0.26228201389312744,0,1,0.999301016330719,-0.0036899999249726534,-0.03720000013709068,0,0.004141999874264002,0.9999179840087891,0.012082000263035297,0,0.03715299814939499,-0.012227999977767467,0.9992349743843079,0,0,0.29506799578666687,0,1,0.9963399767875671,-0.03709600120782852,-0.07700999826192856,0,0.03264699876308441,0.997767984867096,-0.05825499817728996,0,0.07899899780750275,0.05552700161933899,0.9953269958496094,0,0,0.3114889860153198,-0.002174000022932887,1,0.1409749984741211,0.009848999790847301,-0.9899640083312988,0,0.8224930167198181,-0.5577229857444763,0.11157800257205963,0,-0.5510269999504089,-0.8299689888954163,-0.08672600239515305,0,0.10776299983263016,0.25653600692749023,-0.0015020000282675028,1,0.9050310254096985,0.3294520080089569,-0.26903799176216125,0,-0.07584399729967117,0.7473719716072083,0.6600620150566101,0,0.4185299873352051,-0.5769720077514648,0.7013819813728333,0,0,0.22697299718856812,0,1,0.9814440011978149,0.19174599647521973,0.0009670000290498137,0,-0.1917479932308197,0.9814220070838928,0.006564999930560589,0,0.0003100000030826777,-0.006628999952226877,0.9999780058860779,0,0,0.6162840127944946,0,1,0.06601399928331375,-0.01054800022393465,0.9977629780769348,0,-0.8163099884986877,-0.575622022151947,0.047922998666763306,0,0.5738289952278137,-0.8176479935646057,-0.046608999371528625,0,-0.10776299983263016,0.2565059959888458,-0.00008399999933317304,1,0.8873339891433716,-0.4197179973125458,0.19098399579524994,0,0.259442001581192,0.7968029975891113,0.5457059741020203,0,-0.3812200129032135,-0.434675008058548,0.8159229755401611,0,0,0.22697299718856812,0,1,0.9192000031471252,-0.39378100633621216,-0.00291600008495152,0,0.39379000663757324,0.9191439747810364,0.010212999768555164,0,-0.0013409999664872885,-0.01053600013256073,0.9999439716339111,0,0,0.6160339713096619,0,1,-0.9850080013275146,0.0028329999186098576,0.17248399555683136,0,0.07485900074243546,-0.893796980381012,0.4421809911727905,0,0.15541799366474152,0.4484640061855316,0.8801850080490112,0,0.18921500444412231,-0.10932400077581406,-0.002968000015243888,1,0.9952669739723206,-0.09317100048065186,-0.027620000764727592,0,0.025980999693274498,0.5289850234985352,-0.8482329845428467,0,0.093640998005867,0.8435009717941284,0.528901994228363,0,0,0.6271359920501709,0,1,0.9801030158996582,0.07739199697971344,0.18278299272060394,0,-0.19343900680541992,0.5788580179214478,0.7921519875526428,0,-0.044498998671770096,-0.8117470145225525,0.5823109745979309,0,0,0.5575649738311768,0,1,0.9991379976272583,0.03183100000023842,0.026644999161362648,0,-0.04006600007414818,0.5716009736061096,0.819553017616272,0,0.010857000015676022,-0.8199139833450317,0.5723829865455627,0,0,0.3533110022544861,0,1,-0.9939119815826416,-0.02966500073671341,-0.10610699653625488,0,0.012802000157535076,-0.9876419901847839,0.15620200335979462,0,-0.10943000018596649,0.15389199554920197,0.9820089936256409,0,-0.18921500444412231,-0.10932400077581406,0.00007899999764049426,1,0.9978100061416626,-0.029712999239563942,0.059094998985528946,0,0.04524099826812744,0.9583380222320557,-0.28202998638153076,0,-0.048252999782562256,0.2840850055217743,0.957584023475647,0,0,0.6272590160369873,0,1,0.9782429933547974,-0.07694900035858154,-0.19266599416732788,0,0.20655900239944458,0.4478990137577057,0.8698959946632385,0,0.019356999546289444,-0.890766978263855,0.4540480077266693,0,0,0.5584380030632019,0,1,0.9991520047187805,0.004118999931961298,-0.04096100106835365,0,0.024318000301718712,0.7437819838523865,0.6679800152778625,0,0.03321700170636177,-0.6684100031852722,0.7430509924888611,0,0,0.3551889955997467,0,1
K0.033,0.9995859861373901,0.01528190914541483,-0.02436889335513115,0,-0.014183911494910717,0.9989039897918701,0.04460911080241203,0,0.025023890659213066,-0.04424511268734932,0.9987069964408875,0,0.001841038349084556,1.5123108625411987,-0.004644051659852266,1,0.9998220205307007,-0.01784484088420868,0.006147833541035652,0,0.017294853925704956,0.9966269731521606,0.0802159234881401,0,-0.007558821234852076,-0.08009592443704605,0.9967589974403381,0,0,0.19666999578475952,-0.004044000059366226,1,0.9994140267372131,0.00987488403916359,0.032765887677669525,0,-0.01113887783139944,0.9991919994354248,0.0386129654943943,0,-0.03235789015889168,-0.0389549620449543,0.9987170100212097,0,0,0.2294970005750656,0,1,0.9994180202484131,0.011556880548596382,0.03210289031267166,0,-0.012782875448465347,0.9991859793663025,0.03827196732163429,0,-0.031634896993637085,-0.0386599637567997,0.9987519979476929,0,0,0.26228201389312744,0,1,0.9994379878044128,-0.00593998096883297,-0.03299194201827049,0,0.006364979315549135,0.9998980164527893,0.012791984714567661,0,0.03291293978691101,-0.012994984164834023,0.9993739724159241,0,0,0.29506799578666687,0,1,0.9977899789810181,-0.035548992455005646,-0.05613882094621658,0,0.032673999667167664,0.9981480240821838,-0.05132199078798294,0,0.05785981938242912,0.04937399923801422,0.9971029758453369,0,0,0.3114889860153198,-0.002174000022932887,1,0.12417584657669067,0.010685007087886333,-0.9922029972076416,0,0.8263530135154724,-0.5546579957008362,0.09744586795568466,0,-0.5492920279502869,-0.8320099711418152,-0.07770492136478424,0,0.10776299983263016,0.25653600692749023,-0.0015020000282675028,1,0.9205901026725769,0.2593323290348053,-0.2919932007789612,0,0.004983758088201284,0.7398238778114319,0.6727821230888367,0,0.3904976546764374,-0.6208124160766602,0.6797817945480347,0,0,0.22697299718856812,0,1,0.9815089702606201,0.19141098856925964,0.0009639998897910118,0,-0.1914139837026596,0.9814879894256592,0.006553999613970518,0,0.00030799987143836915,-0.0066169993951916695,0.9999780058860779,0,0,0.6162840127944946,0,1,0.07157305628061295,-0.010257997550070286,0.9973829984664917,0,-0.8184830546379089,-0.5720939040184021,0.052851058542728424,0,0.5700548887252808,-0.8201240301132202,-0.04934302717447281,0,-0.10776299983263016,0.2565059959888458,-0.00008399999933317304,1,0.8699228167533875,-0.45215725898742676,0.1969490647315979,0,0.29744434356689453,0.7995420694351196,0.5217847228050232,0,-0.3933980166912079,-0.3953305780887604,0.830031156539917,0,0,0.22697299718856812,0,1,0.898871660232544,-0.43819865584373474,-0.0034440092276781797,0,0.438208669424057,0.8988016247749329,0.011365016922354698,0,-0.0018850095802918077,-0.011724017560482025,0.9999290108680725,0,0,0.6160339713096619,0,1,-0.9863409996032715,0.01998303085565567,0.1635008305311203,0,0.061039868742227554,-0.8776010870933533,0.47548988461494446,0,0.15298987925052643,0.4789748787879944,0.8643941283226013,0,0.18921500444412231,-0.10932400077581406,-0.002968000015243888,1,0.9970710277557373,-0.07643083482980728,0.002927350113168359,0,0.057053133845329285,0.7177059650421143,-0.6940050721168518,0,0.05094238370656967,0.6921390891075134,0.7199639678001404,0,0,0.6271359920501709,0,1,0.9819440245628357,0.05001594498753548,0.1824389547109604,0,-0.177080899477005,0.5822694897651672,0.7934756278991699,0,-0.0665421187877655,-0.8114556670188904,0.5806134939193726,0,0,0.5575649738311768,0,1,0.9994310140609741,0.0056828991509974,0.03323904052376747,0,-0.027675941586494446,0.7014003396034241,0.7122306227684021,0,-0.01926611177623272,-0.7127456665039062,0.701158344745636,0,0,0.3533110022544861,0,1,-0.9922629594802856,-0.030137009918689728,-0.12044329941272736,0,0.02390909753739834,-0.9983170032501221,0.05282832309603691,0,-0.12183227390050888,0.049540307372808456,0.9913139939308167,0,-0.18921500444412231,-0.10932400077581406,0.00007899999764049426,1,0.9955059289932251,-0.049826979637145996,0.08053433150053024,0,0.0633620023727417,0.9824590682983398,-0.17538262903690338,0,-0.07038234919309616,0.1796976625919342,0.9812009930610657,0,0,0.6272590160369873,0,1,0.9793450236320496,-0.05994505062699318,-0.19310805201530457,0,0.1998460590839386,0.43222060799598694,0.8793441653251648,0,0.030752886086702347,-0.8997731804847717,0.4352726340293884,0,0,0.5584380030632019,0,1,0.9991940259933472,0.0038299981970340014,-0.039952993392944336,0,0.02369299717247486,0.7472000122070312,0.6641759872436523,0,0.032395996153354645,-0.6645879745483398,0.746508002281189,0,0,0.3551889955997467,0,1
K0.067,0.9998869895935059,0.0061240908689796925,-0.013703105971217155,0,-0.005353087559342384,0.9984390139579773,0.055595893412828445,0,0.014022109098732471,-0.05551588907837868,0.9983590245246887,0,0.005673961713910103,1.5055521726608276,-0.009823949076235294,1,0.9999430179595947,-0.0019361580489203334,-0.0104638347402215,0,0.0026901450473815203,0.9973620176315308,0.07253307104110718,0,0.010295822285115719,-0.07255707681179047,0.997310996055603,0,0,0.19666999578475952,-0.004044000059366226,1,0.9997640252113342,-0.0017988838953897357,0.021642109379172325,0,0.0010368789080530405,0.9993810057640076,0.035154033452272415,0,-0.021692106500267982,-0.0351240374147892,0.9991480112075806,0,0,0.2294970005750656,0,1,0.9997760057449341,-0.00039388122968375683,0.021160107105970383,0,-0.0003441236331127584,0.9993929862976074,0.0348370335996151,0,-0.02116110362112522,-0.034837037324905396,0.9991689920425415,0,0,0.26228201389312744,0,1,0.9996230006217957,-0.004029019270092249,-0.027145057916641235,0,0.004337020218372345,0.9999269843101501,0.011280015110969543,0,0.02709805779159069,-0.0113940155133605,0.999567985534668,0,0,0.29506799578666687,0,1,0.9986609816551208,-0.03463500738143921,-0.03843817487359047,0,0.03266799822449684,0.9981809854507446,-0.05066700652241707,0,0.04012317582964897,0.04934300109744072,0.9979760050773621,0,0,0.3114889860153198,-0.002174000022932887,1,0.10858215391635895,0.0113869933411479,-0.994022011756897,0,0.8291140198707581,-0.5526959896087646,0.08423813432455063,0,-0.5484330058097839,-0.8333050012588501,-0.06945408135652542,0,0.10776299983263016,0.25653600692749023,-0.0015020000282675028,1,0.9311288595199585,0.1894126981496811,-0.3116427958011627,0,0.08074424415826797,0.7262601256370544,0.6826608777046204,0,0.35563936829566956,-0.6608095765113831,0.6609481573104858,0,0,0.22697299718856812,0,1,0.9818599820137024,0.1896030157804489,0.0009520000894553959,0,-0.1896050125360489,0.9818390011787415,0.006492000538855791,0,0.0002960001293104142,-0.006554000545293093,0.9999780058860779,0,0,0.6162840127944946,0,1,0.07770994305610657,-0.010022003203630447,0.9969260096549988,0,-0.825425922870636,-0.5614501237869263,0.05869793891906738,0,0.5591360926628113,-0.8274499177932739,-0.05190297216176987,0,-0.10776299983263016,0.2565059959888458,-0.00008399999933317304,1,0.8549631237983704,-0.47750577330589294,0.20254693925380707,0,0.3329726457595825,0.8046819567680359,0.49154528975486755,0,-0.3977019786834717,-0.35281041264533997,0.8469698429107666,0,0,0.22697299718856812,0,1,0.8633573651313782,-0.5045743584632874,-0.004364990629255772,0,0.504585325717926,0.8632623553276062,0.013085983693599701,0,-0.0028349903877824545,-0.01349998265504837,0.999904990196228,0,0,0.6160339713096619,0,1,-0.9889429807662964,0.023223968222737312,0.14646616578102112,0,0.04793113097548485,-0.8845919370651245,0.46389511227607727,0,0.14033612608909607,0.4657861292362213,0.8736978769302368,0,0.18921500444412231,-0.10932400077581406,-0.002968000015243888,1,0.9974700212478638,-0.06012815982103348,0.03792165219783783,0,0.07030586898326874,0.9133150577545166,-0.40113693475723267,0,-0.010514388792216778,0.40278786420822144,0.9152320623397827,0,0,0.6271359920501709,0,1,0.9829999804496765,0.044463057070970535,0.1781410425901413,0,-0.16602110862731934,0.6295945048332214,0.7589773535728455,0,-0.07841087877750397,-0.7756503820419312,0.626273512840271,0,0,0.5575649738311768,0,1,0.9992960095405579,-0.004429899621754885,0.03725896030664444,0,-0.021951057016849518,0.7363336682319641,0.676262378692627,0,-0.030430888757109642,-0.6766043305397034,0.7357176542282104,0,0,0.3533110022544861,0,1,-0.9881880879402161,-0.03106399066746235,-0.15006370842456818,0,0.0336759015917778,-0.9993219971656799,-0.014897326938807964,0,-0.14949873089790344,-0.019774310290813446,0.9885640144348145,0,-0.18921500444412231,-0.10932400077581406,0.00007899999764049426,1,0.9923650622367859,-0.0478760190308094,0.11366666853427887,0,0.06355299800634384,0.9883109331130981,-0.13857537508010864,0,-0.10570365190505981,0.14474134147167206,0.9838070273399353,0,0,0.6272590160369873,0,1,0.9782639741897583,-0.06519094854593277,-0.1968499720096588,0,0.20645594596862793,0.3949333429336548,0.8952118158340454,0,0.019383113831281662,-0.9163938164710999,0.3998083472251892,0,0,0.5584380030632019,0,1,0.9992200136184692,0.003654001746326685,-0.03933100774884224,0,0.023311004042625427,0.7492949962615967,0.6618260145187378,0,0.03188900277018547,-0.6622269749641418,0.7486249804496765,0,0,0.3551889955997467,0,1
K0.100,0.9997569918632507,-0.021351998671889305,0.005399999208748341,0,0.020966997370123863,0.997763991355896,0.0634630024433136,0,-0.006742998957633972,-0.06333400309085846,0.9979699850082397,0,0.01114100031554699,1.4874130487442017,-0.01220100000500679,1,0.9985460042953491,0.0406079962849617,-0.03544199839234352,0,-0.03826700150966644,0.9971910119056702,0.06438300013542175,0,0.037957001477479935,-0.06293299794197083,0.9972959756851196,0,0,0.19666999578475952,-0.004044000059366226,1,0.999770998954773,-0.01869799941778183,0.010375000536441803,0,0.01833299919962883,0.9992460012435913,0.03423900157213211,0,-0.011008000932633877,-0.03404099866747856,0.9993600249290466,0,0,0.2294970005750656,0,1,0.9997919797897339,-0.01759199984371662,0.010323001071810722,0,0.017235999926924706,0.999288022518158,0.03356499969959259,0,-0.010905999690294266,-0.03338000178337097,0.9993829727172852,0,0,0.26228201389312744,0,1,0.9997950196266174,0.006090999580919743,-0.01929599978029728,0,-0.005904999561607838,0.9999359846115112,0.009700999595224857,0,0.019354000687599182,-0.009584999643266201,0.999767005443573,0,0,0.29506799578666687,0,1,0.9989209771156311,-0.03971099853515625,-0.024095000699162483,0,0.03828800097107887,0.9976459741592407,-0.05689200013875961,0,0.026297999545931816,0.055907998234033585,0.9980900287628174,0,0,0.3114889860153198,-0.002174000022932887,1,0.1001489982008934,0.011768000200390816,-0.994903028011322,0,0.8313980102539062,-0.5502910017967224,0.07718099653720856,0,-0.5465779900550842,-0.8348900079727173,-0.06489499658346176,0,0.10776299983263016,0.25653600692749023,-0.0015020000282675028,1,0.9372230172157288,0.12258999794721603,-0.32647401094436646,0,0.14888900518417358,0.7059000134468079,0.6924859881401062,0,0.3153499960899353,-0.6976220011711121,0.6433330178260803,0,0,0.22697299718856812,0,1,0.9834309816360474,0.1812800019979477,0.0008989999769255519,0,-0.18128199875354767,0.9834120273590088,0.006206999998539686,0,0.0002410000015515834,-0.006266999989748001,0.9999799728393555,0,0,0.6162840127944946,0,1,0.08578000217676163,-0.009805000387132168,0.9962660074234009,0,-0.8328700065612793,-0.5494830012321472,0.06630399823188782,0,0.5467810034751892,-0.8354480266571045,-0.0553009994328022,0,-0.10776299983263016,0.2565059959888458,-0.00008399999933317304,1,0.8421779870986938,-0.4996129870414734,0.20278699696063995,0,0.3720160126686096,0.8106330037117004,0.4521929919719696,0,-0.3903070092201233,-0.3053869903087616,0.8685619831085205,0,0,0.22697299718856812,0,1,0.8367919921875,-0.5474979877471924,-0.005053000058978796,0,0.547510027885437,0.8366789817810059,0.014198999851942062,0,-0.0035459999926388264,-0.014649000018835068,0.9998859763145447,0,0,0.6160339713096619,0,1,-0.9919459819793701,0.0017470009624958038,0.12665100395679474,0,0.06278900057077408,-0.8616200089454651,0.5036560297012329,0,0.11000499874353409,0.5075510144233704,0.8545699715614319,0,0.18921500444412231,-0.10932400077581406,-0.002968000015243888,1,0.9973340034484863,-0.034286998212337494,0.064410001039505,0,0.046560999006032944,0.9786900281906128,-0.19999201595783234,0,-0.05617999657988548,0.20245800912380219,0.9776780009269714,0,0,0.6271359920501709,0,1,0.9839580059051514,0.016206001862883568,0.1776600033044815,0,-0.1468600034713745,0.6389660239219666,0.7550860047340393,0,-0.10128200054168701,-0.7690640091896057,0.6310960054397583,0,0,0.5575649738311768,0,1,0.9992309808731079,-0.004912000149488449,0.03889099881052971,0,-0.022964000701904297,0.7307050228118896,0.6823070049285889,0,-0.03176899999380112,-0.6826760172843933,0.7300300002098083,0,0,0.3533110022544861,0,1,-0.9827240109443665,-0.03339700028300285,-0.1820410043001175,0,0.042034998536109924,-0.9981560111045837,-0.04379599913954735,0,-0.18024200201034546,-0.05069100111722946,0.9823150038719177,0,-0.18921500444412231,-0.10932400077581406,0.00007899999764049426,1,0.9937340021133423,-0.026560001075267792,0.10856799781322479,0,0.047628000378608704,0.9793769717216492,-0.19634899497032166,0,-0.10111399739980698,0.2002899944782257,0.9745050072669983,0,0,0.6272590160369873,0,1,0.9860939979553223,-0.06621500104665756,-0.15242500603199005,0,0.1657329946756363,0.3242030143737793,0.9313560128211975,0,-0.012253997847437859,-0.9436669945716858,0.33066898584365845,0,0,0.5584380030632019,0,1,0.9992120265960693,0.0037090000696480274,-0.039524998515844345,0,0.023429999127984047,0.7486420273780823,0.662559986114502,0,0.03204699978232384,-0.6629639863967896,0.7479649782180786,0,0,0.3551889955997467,0,1
K0.133,0.9983649849891663,-0.048238106071949005,0.030678188428282738,0,0.046078089624643326,0.9966490268707275,0.06758204102516174,0,-0.03383619710803032,-0.06605803221464157,0.9972419738769531,0,0.01625404693186283,1.4613248109817505,-0.010839988477528095,1,0.9956300258636475,0.07378102838993073,-0.05725406855344772,0,-0.07063603401184082,0.995976984500885,0.05513891577720642,0,0.061092060059309006,-0.0508539080619812,0.9968360066413879,0,0,0.19666999578475952,-0.004044000059366226,1,0.9995229840278625,-0.030813012272119522,-0.0022311497014015913,0,0.030873019248247147,0.99891197681427,0.034950997680425644,0,0.0011511491611599922,-0.035002999007701874,0.9993870258331299,0,0,0.2294970005750656,0,1,0.9995440244674683,-0.030131017789244652,-0.0018931484082713723,0,0.030177023261785507,0.99897700548172,0.033675990998744965,0,0.0008761477656662464,-0.03371800109744072,0.9994310140609741,0,0,0.26228201389312744,0,1,0.999796986579895,0.016879035159945488,-0.011046928353607655,0,-0.01676403544843197,0.9998049736022949,0.010418000631034374,0,0.011220928281545639,-0.010231002233922482,0.9998850226402283,0,0,0.29506799578666687,0,1,0.9989029765129089,-0.04327700287103653,-0.01790398173034191,0,0.04194100201129913,0.9967160224914551,-0.06926312297582626,0,0.020842986181378365,0.06843612343072891,0.9974380135536194,0,0,0.3114889860153198,-0.002174000022932887,1,0.08974284678697586,0.012237005867064,-0.9958900213241577,0,0.8368210792541504,-0.543144941329956,0.06873486936092377,0,-0.540071964263916,-0.8395500779151917,-0.05898291617631912,0,0.10776299983263016,0.25653600692749023,-0.0015020000282675028,1,0.9389979839324951,0.06163559854030609,-0.3383530378341675,0,0.20823334157466888,0.6810938119888306,0.7019610404968262,0,0.27371665835380554,-0.7295971512794495,0.626711905002594,0,0,0.22697299718856812,0,1,0.9858890771865845,0.16739772260189056,0.0008139985147863626,0,-0.16739971935749054,0.9858720302581787,0.005730990320444107,0,0.0001569984742673114,-0.0057869902811944485,0.999983012676239,0,0,0.6162840127944946,0,1,0.10264121741056442,-0.009201990440487862,0.9946759939193726,0,-0.8331849575042725,-0.5470420122146606,0.08091618865728378,0,0.5433850288391113,-0.8370550274848938,-0.0638161152601242,0,-0.10776299983263016,0.2565059959888458,-0.00008399999933317304,1,0.8275918960571289,-0.5201991200447083,0.21091213822364807,0,0.412529319524765,0.8184530735015869,0.399943470954895,0,-0.380671888589859,-0.24398338794708252,0.8919422030448914,0,0,0.22697299718856812,0,1,0.8247190117835999,-0.5655170679092407,-0.005366000346839428,0,0.5655290484428406,0.8245980143547058,0.014667000621557236,0,-0.0038690005894750357,-0.015131001360714436,0.9998779892921448,0,0,0.6160339713096619,0,1,-0.9945579767227173,-0.02580912411212921,0.10093586146831512,0,0.0788530632853508,-0.819677472114563,0.5673726797103882,0,0.06809074431657791,0.5722436308860779,0.8172515034675598,0,0.18921500444412231,-0.10932400077581406,-0.002968000015243888,1,0.9971740245819092,0.020532337948679924,0.07226988673210144,0,-0.012399328872561455,0.9937169551849365,-0.11122927069664001,0,-0.07409994304180145,0.1100192442536354,0.9911640286445618,0,0,0.6271359920501709,0,1,0.9835249781608582,-0.010771023109555244,0.18045011162757874,0,-0.14084021747112274,0.580119788646698,0.8022627234458923,0,-0.11332385987043381,-0.8144597411155701,0.5690457820892334,0,0,0.5575649738311768,0,1,0.9989640116691589,-0.0068430048413574696,0.04498401656746864,0,-0.026871008798480034,0.7091159224510193,0.7045800685882568,0,-0.03672001138329506,-0.7050590515136719,0.7081969380378723,0,0,0.3533110022544861,0,1,-0.9788650274276733,-0.02810080163180828,-0.20256708562374115,0,0.04704393818974495,-0.9948919415473938,-0.08931558579206467,0,-0.1990220844745636,-0.09695755690336227,0.9751868844032288,0,-0.18921500444412231,-0.10932400077581406,0.00007899999764049426,1,0.9979689717292786,-0.01900504156947136,0.060800667852163315,0,0.03294096514582634,0.9709029197692871,-0.23719622194766998,0,-0.054523661732673645,0.2387172132730484,0.9695569276809692,0,0,0.6272590160369873,0,1,0.9954280853271484,-0.06814788281917572,-0.06692440062761307,0,0.08262234926223755,0.2628112733364105,0.961303174495697,0,-0.047922056168317795,-0.9624371528625488,0.2672402262687683,0,0,0.5584380030632019,0,1,0.9991440176963806,0.00417600991204381,-0.04115903377532959,0,0.024442020803689957,0.7431069016456604,0.6687261462211609,0,0.03337802737951279,-0.6691591143608093,0.7423688769340515,0,0,0.3551889955997467,0,1
K0.167,0.9970499873161316,-0.058709897100925446,0.04943881556391716,0,0.05508090928196907,0.9958950281143188,0.07182595878839493,0,-0.05345280095934868,-0.06888996809720993,0.9961910247802734,0,0.020787956193089485,1.4340622425079346,-0.009757011197507381,1,0.9949889779090881,0.07697597146034241,-0.06380293518304825,0,-0.0740879625082016,0.9961689710617065,0.0464530847966671,0,0.06713394075632095,-0.04149409383535385,0.9968810081481934,0,0,0.19666999578475952,-0.004044000059366226,1,0.9993360042572021,-0.03218398615717888,-0.01708585023880005,0,0.03275798261165619,0.9988679885864258,0.03449200466275215,0,0.01595585234463215,-0.03502900153398514,0.9992589950561523,0,0,0.2294970005750656,0,1,0.9993529915809631,-0.03190698102116585,-0.01662285253405571,0,0.032443977892398834,0.998924970626831,0.033114008605480194,0,0.015548854134976864,-0.03363199904561043,0.9993129968643188,0,0,0.26228201389312744,0,1,0.9997850060462952,0.020348964259028435,-0.003927071113139391,0,-0.020306965336203575,0.9997389912605286,0.010506998747587204,0,0.004140070639550686,-0.010424998588860035,0.9999369978904724,0,0,0.29506799578666687,0,1,0.9989190101623535,-0.04361499473452568,-0.016101019456982613,0,0.042159996926784515,0.995764970779419,-0.08169287443161011,0,0.01959601230919361,0.08092587441205978,0.9965270161628723,0,0,0.3114889860153198,-0.002174000022932887,1,0.07392815500497818,0.012784994207322598,-0.9971820116043091,0,0.8420379161834717,-0.5365510582923889,0.05554712936282158,0,-0.534328043460846,-0.8437709212303162,-0.05043208599090576,0,0.10776299983263016,0.25653600692749023,-0.0015020000282675028,1,0.9395989775657654,0.02170739881694317,-0.34158796072006226,0,0.24262966215610504,0.6616811752319336,0.7094429135322571,0,0.24142232537269592,-0.7494708299636841,0.6164481043815613,0,0,0.22697299718856812,0,1,0.9902619123458862,0.13921628892421722,0.0006650015129707754,0,-0.1392172873020172,0.9902499318122864,0.004766009747982025,0,0.000005001517365599284,-0.004812009632587433,0.9999880194664001,0,0,0.6162840127944946,0,1,0.12412278354167938,-0.008318007923662663,0.9922320246696472,0,-0.8298590779304504,-0.5490829944610596,0.0992078110575676,0,0.5439929962158203,-0.8357260227203369,-0.07505588978528976,0,-0.10776299983263016,0.2565059959888458,-0.00008399999933317304,1,0.8162951469421387,-0.5325738787651062,0.22366786003112793,0,0.44414666295051575,0.8262599110603333,0.346450537443161,0,-0.3693181276321411,-0.18346461653709412,0.9110128283500671,0,0,0.22697299718856812,0,1,0.8225719928741455,-0.5686349272727966,-0.005421999376267195,0,0.5686469674110413,0.8224490284919739,0.014747998677194118,0,-0.0039269994013011456,-0.015213998965919018,0.9998769760131836,0,0,0.6160339713096619,0,1,-0.9954689741134644,-0.03824387863278389,0.08705214411020279,0,0.08501193672418594,-0.768060564994812,0.634709358215332,0,0.04258725419640541,0.6392333507537842,0.7678324580192566,0,0.18921500444412231,-0.10932400077581406,-0.002968000015243888,1,0.9966480135917664,0.053914669901132584,0.061534106731414795,0,-0.04502967745065689,0.9894630312919617,-0.1376047283411026,0,-0.06830506026744843,0.13437175750732422,0.9885740280151367,0,0,0.6271359920501709,0,1,0.9816179871559143,-0.013051977381110191,0.19040989875793457,0,-0.16278977692127228,0.4635341763496399,0.8709973096847534,0,-0.09962913393974304,-0.8859832882881165,0.452888160943985,0,0,0.5575649738311768,0,1,0.9988980293273926,-0.007309995125979185,0.04636598378419876,0,-0.027782991528511047,0.7040940523147583,0.7095629572868347,0,-0.037832990288734436,-0.710068941116333,0.7031150460243225,0,0,0.3533110022544861,0,1,-0.977258026599884,-0.008522195741534233,-0.21188190579414368,0,0.04059206321835518,-0.9882320761680603,-0.14747542142868042,0,-0.20813190937042236,-0.15272144973278046,0.9661040902137756,0,-0.18921500444412231,-0.10932400077581406,0.00007899999764049426,1,0.999343991279602,-0.023028958588838577,0.027957327663898468,0,0.029487036168575287,0.965505063533783,-0.25870978832244873,0,-0.02103533409535885,0.2593647837638855,0.9655500650405884,0,0,0.6272590160369873,0,1,0.9983980059623718,-0.05602012202143669,-0.007979588583111763,0,0.018550638109445572,0.19080372154712677,0.9814528226852417,0,-0.05345894396305084,-0.9800288081169128,0.19153675436973572,0,0,0.5584380030632019,0,1,0.9990010261535645,0.005144990049302578,-0.044392965734004974,0,0.02648397907614708,0.7319621443748474,0.6808308959007263,0,0.035996973514556885,-0.6813258528709412,0.7310941219329834,0,0,0.3551889955997467,0,1
K0.200,0.9965289831161499,-0.057486001402139664,0.06020500138401985,0,0.05306899920105934,0.9959509968757629,0.07256100326776505,0,-0.06413199752569199,-0.06911399960517883,0.9955450296401978,0,0.025671999901533127,1.4126759767532349,-0.010754999704658985,1,0.9955539703369141,0.0635249987244606,-0.06954500079154968,0,-0.060437001287937164,0.9971280097961426,0.0456480011343956,0,0.07224500179290771,-0.041241999715566635,0.996533989906311,0,0,0.19666999578475952,-0.004044000059366226,1,0.9990839958190918,-0.029016999527812004,-0.03146300092339516,0,0.030100999400019646,0.9989500045776367,0.03452799841761589,0,0.030427997931838036,-0.035443998873233795,0.9989079833030701,0,0,0.2294970005750656,0,1,0.9990940093994141,-0.029186999425292015,-0.030965998768806458,0,0.030222000554203987,0.9989820122718811,0.03349899873137474,0,0.0299569983035326,-0.034405000507831573,0.9989590048789978,0,0,0.26228201389312744,0,1,0.9998289942741394,0.018343999981880188,0.002145999576896429,0,-0.018360000103712082,0.9998019933700562,0.007613000459969044,0,-0.002005999442189932,-0.0076520005241036415,0.9999690055847168,0,0,0.29506799578666687,0,1,0.9990479946136475,-0.042851999402046204,-0.008168000727891922,0,0.04188999906182289,0.9946399927139282,-0.0945340022444725,0,0.012176000513136387,0.09410200268030167,0.9954879879951477,0,0,0.3114889860153198,-0.002174000022932887,1,0.06614299863576889,0.013042000122368336,-0.9977250099182129,0,0.8413739800453186,-0.5382509827613831,0.04874200001358986,0,-0.536391019821167,-0.8426830172538757,-0.046574998646974564,0,0.10776299983263016,0.25653600692749023,-0.0015020000282675028,1,0.9447060227394104,0.005627001170068979,-0.3278689980506897,0,0.24304600059986115,0.6591929793357849,0.7116129994392395,0,0.2201330065727234,-0.7519530057907104,0.6213759779930115,0,0,0.22697299718856812,0,1,0.9951490163803101,0.09837400168180466,0.0004970000009052455,0,-0.09837500005960464,0.9951440095901489,0.003368000267073512,0,-0.00016399998276028782,-0.0034000002779066563,0.9999939799308777,0,0,0.6162840127944946,0,1,0.1350889950990677,-0.008093000389635563,0.9908000230789185,0,-0.8317739963531494,-0.5443159937858582,0.10896100103855133,0,0.5384269952774048,-0.8388410210609436,-0.08026300370693207,0,-0.10776299983263016,0.2565059959888458,-0.00008399999933317304,1,0.8157709836959839,-0.5358030200004578,0.21778999269008636,0,0.45966899394989014,0.8291599750518799,0.3181160092353821,0,-0.35103100538253784,-0.15939800441265106,0.9226970076560974,0,0,0.22697299718856812,0,1,0.8341249823570251,-0.5515519976615906,-0.005121999885886908,0,0.5515639781951904,0.8340100049972534,0.014303999952971935,0,-0.0036180000752210617,-0.014756999909877777,0.9998850226402283,0,0,0.6160339713096619,0,1,-0.9939990043640137,-0.030254999175667763,0.10512299835681915,0,0.0912420004606247,-0.7594050168991089,0.6441890001296997,0,0.0603410005569458,0.6499149799346924,0.7576079964637756,0,0.18921500444412231,-0.10932400077581406,-0.002968000015243888,1,0.9986349940299988,0.03694299980998039,0.03692600503563881,0,-0.031078001484274864,0.9884369969367981,-0.14841000735759735,0,-0.041982002556324005,0.14706000685691833,0.9882360100746155,0,0,0.6271359920501709,0,1,0.9824439883232117,-0.0065040006302297115,0.1864439994096756,0,-0.15994299948215485,0.4850740134716034,0.8597220182418823,0,-0.09603100270032883,-0.8744490146636963,0.47551798820495605,0,0,0.5575649738311768,0,1,0.9988870024681091,-0.007387999910861254,0.046592000871896744,0,-0.0279339998960495,0.7032660245895386,0.7103779911994934,0,-0.03801500052213669,-0.7108880281448364,0.7022770047187805,0,0,0.3533110022544861,0,1,-0.9761649966239929,0.01723799854516983,-0.2163420021533966,0,0.02963300235569477,-0.9769179821014404,-0.21154800057411194,0,-0.21499499678611755,-0.2129170000553131,0.9531229734420776,0,-0.18921500444412231,-0.10932400077581406,0.00007899999764049426,1,0.9992070198059082,-0.03792700171470642,0.012108001857995987,0,0.039771001785993576,0.9647539854049683,-0.2601320147514343,0,-0.00181600172072649,0.2604080140590668,0.9654970169067383,0,0,0.6272590160369873,0,1,0.9989650249481201,-0.03333600237965584,0.03095499612390995,0,-0.025350995361804962,0.15707099437713623,0.9872620105743408,0,-0.037772998213768005,-0.9870250225067139,0.1560630053281784,0,0,0.5584380030632019,0,1,0.9987429976463318,0.006845000199973583,-0.04964600130915642,0,0.029918000102043152,0.7133049964904785,0.7002149820327759,0,0.040206000208854675,-0.7008209824562073,0.7122039794921875,0,0,0.3551889955997467,0,1
