6.000,30,180,25
B0,mixamorig_Hips,-1,0.9959863424301147,-0.042150359600782394,0.07895860075950623,0,0.04304451867938042,0.9990264177322388,-0.009658359922468662,0,-0.07847487926483154,0.013018080033361912,0.996830940246582,0,0.0768493190407753,1.500524640083313,-0.0034045991487801075,1
B1,mixamorig_Spine,0,0.9996612668037415,0.023183999583125114,-0.011810760013759136,0,-0.023175999522209167,0.9997310042381287,0.0008396400371566415,0,0.01182676013559103,-0.000565640046261251,0.9999300241470337,0,0,0.19666999578475952,-0.004044000059366226,1
B2,mixamorig_Spine1,1,0.9983722567558289,0.05234863981604576,-0.022620080038905144,0,-0.05133891850709915,0.9977502822875977,0.043117281049489975,0,0.024826521053910255,-0.041885558515787125,0.9988142848014832,0,0,0.2294970005750656,0,1
B3,mixamorig_Spine2,2,0.9983722567558289,0.05234863981604576,-0.022620080038905144,0,-0.05133891850709915,0.9977502822875977,0.043117281049489975,0,0.024826521053910255,-0.041885558515787125,0.9988142848014832,0,0,0.26228201389312744,0,1
B4,mixamorig_Neck,3,0.9999827146530151,-0.004678840283304453,-0.0036224389914423227,0,0.004039119929075241,0.9871141910552979,-0.1599656492471695,0,0.0043241591192781925,0.15994836390018463,0.9871159195899963,0,0,0.29506799578666687,0,1
B5,mixamorig_Head,4,0.9967688322067261,-0.07867132127285004,-0.016230160370469093,0,0.07965400069952011,0.9941337704658508,0.07316288352012634,0,0.01037919893860817,-0.07421912252902985,0.9971880912780762,0,0,0.3114889860153198,-0.002174000022932887,1
B6,mixamorig_HeadTop_End,5,1,0,0,0,0,1,0,0,0,0,1,0,0,0.9714379906654358,-0.006781000178307295,1
B7,mixamorig_LeftShoulder,3,0.0928264781832695,0.012383599765598774,-0.9956053495407104,0,0.8539334535598755,-0.515207052230835,0.0732094794511795,0,-0.5120358467102051,-0.8569762110710144,-0.05839984118938446,0,0.10776299983263016,0.25653600692749023,-0.0015020000282675028,1
B8,mixamorig_LeftArm,7,0.9215118288993835,0.3246169984340668,-0.21316571533679962,0,-0.05157903954386711,0.6463426351547241,0.7613020539283752,0,0.38491007685661316,-0.6905543208122253,0.6123560070991516,0,0,0.22697299718856812,0,1
B9,mixamorig_LeftForeArm,8,0.988953173160553,0.14776264131069183,0.011738919652998447,0,-0.14782963693141937,0.9889994859695435,0.005061279982328415,0,-0.010861639864742756,-0.006740360055118799,0.9999186992645264,0,0,0.6162840127944946,0,1
B10,mixamorig_LeftHand,9,1,0,0,0,0,1,0,0,0,0,1,0,0,0.43313300609588623,0,1
B11,mixamorig_RightShoulder,3,0.05950203537940979,-0.014645440503954887,0.9981203675270081,0,-0.8805273175239563,-0.4717993140220642,0.04556911811232567,0,0.4702453315258026,-0.8815844655036926,-0.04096892103552818,0,-0.10776299983263016,0.2565059959888458,-0.00008399999933317304,1
B12,mixamorig_RightArm,11,0.874870777130127,-0.3273887634277344,0.35695531964302063,0,-0.056932076811790466,0.662352442741394,0.7470255494117737,0,-0.4809984266757965,-0.6738733053207397,0.560834527015686,0,0,0.22697299718856812,0,1
B13,mixamorig_RightForeArm,12,0.9827041625976562,-0.18436560034751892,-0.01738424226641655,0,0.18447332084178925,0.9828255772590637,0.0047840396873652935,0,0.016204282641410828,-0.007908440195024014,0.9998375773429871,0,0,0.6160339713096619,0,1
B14,mixamorig_RightHand,13,1,0,0,0,0,1,0,0,0,0,1,0,0,0.4333229959011078,0,1
B15,mixamorig_LeftUpLeg,0,-0.9880383014678955,-0.14332987368106842,0.05689312145113945,0,0.15285933017730713,-0.9589970707893372,0.23866067826747894,0,0.0203524399548769,0.24450206756591797,0.9694350361824036,0,0.18921500444412231,-0.10932400077581406,-0.002968000015243888,1
B16,mixamorig_LeftLeg,15,0.9995042681694031,-0.030426278710365295,0.00808964017778635,0,0.03141999989748001,0.9476972818374634,-0.3176211714744568,0,0.001997200073674321,0.31771817803382874,0.9481830596923828,0,0,0.6271359920501709,0,1
B17,mixamorig_LeftFoot,16,0.8791495561599731,0.041831035166978836,0.47470635175704956,0,-0.4042775630950928,0.5928618311882019,0.6964724063873291,0,-0.25230124592781067,-0.8042164444923401,0.5381258130073547,0,0,0.5575649738311768,0,1
B18,mixamorig_LeftToeBase,17,0.9963235855102539,0.01677764020860195,0.08401083946228027,0,-0.06249147653579712,0.8131235837936401,0.5787271857261658,0,-0.058601878583431244,-0.5818495154380798,0.8111822009086609,0,0,0.3533110022544861,0,1
B19,mixamorig_LeftToe_End,18,1,0,0,0,0,1,0,0,0,0,1,0,0,0.13574400544166565,0,1
B20,mixamorig_RightUpLeg,0,-0.9889237284660339,-0.10462100058794022,-0.1052815169095993,0,0.10751760005950928,-0.9939553141593933,-0.022206878289580345,0,-0.10232219845056534,-0.03328043967485428,0.9941942691802979,0,-0.18921500444412231,-0.10932400077581406,0.00007899999764049426,1
B21,mixamorig_RightLeg,20,0.999692976474762,0.02474864013493061,-0.0010988800786435604,0,-0.024717800319194794,0.99354088306427,-0.11074844747781754,0,-0.0016491200076416135,0.11074188351631165,0.9938475489616394,0,0,0.6272590160369873,0,1
B22,mixamorig_RightFoot,21,0.9033628106117249,-0.14010964334011078,-0.4053461253643036,0,0.4201650023460388,0.47865769267082214,0.7709389925003052,0,0.08600632101297379,-0.8667500615119934,0.491271048784256,0,0,0.5584380030632019,0,1
B23,mixamorig_RightToeBase,22,0.999851405620575,0.008461199700832367,-0.01503111980855465,0,0.0031759601552039385,0.7662171125411987,0.6425739526748657,0,0.016954118385910988,-0.6425262093544006,0.7660760879516602,0,0,0.3551889955997467,0,1
B24,mixamorig_RightToe_End,23,1,0,0,0,0,1,0,0,0,0,1,0,0,0.13565100729465485,0,1
@20,0,1,2,3,4,5,7,8,9,11,12,13,15,16,17,18,20,21,22,23
K0.000,0.9957410097122192,-0.04285300150513649,0.08163099735975266,0,0.04381300136446953,0.998989999294281,-0.010009000077843666,0,-0.08111900091171265,0.01354300044476986,0.996612012386322,0,0.07725699990987778,1.5003689527511597,-0.002357000019401312,1,0.9996619820594788,0.023158999159932137,-0.011834999546408653,0,-0.02315099909901619,0.9997320175170898,0.0008079999824985862,0,0.011850000359117985,-0.0005329999839887023,0.9999300241470337,0,0,0.19666999578475952,-0.004044000059366226,1,0.9983670115470886,0.05244499817490578,-0.022665999829769135,0,-0.05143500119447708,0.9977480173110962,0.043056000024080276,0,0.024872999638319016,-0.04182000085711479,0.9988160133361816,0,0,0.2294970005750656,0,1,0.9983670115470886,0.05244499817490578,-0.022665999829769135,0,-0.05143500119447708,0.9977480173110962,0.043056000024080276,0,0.024872999638319016,-0.04182000085711479,0.9988160133361816,0,0,0.26228201389312744,0,1,0.9999750256538391,-0.006471999920904636,-0.002894999925047159,0,0.005927000194787979,0.9871500134468079,-0.15968400239944458,0,0.003891000058501959,0.15966300666332245,0.9871640205383301,0,0,0.29506799578666687,0,1,0.9966909885406494,-0.07974299788475037,-0.01575000025331974,0,0.08069700002670288,0.9939810037612915,0.07409600168466568,0,0.009746000170707703,-0.07512199878692627,0.9971269965171814,0,0,0.3114889860153198,-0.002174000022932887,1,0.09273000061511993,0.012388000264763832,-0.9956139922142029,0,0.854092001914978,-0.5149539709091187,0.07314100116491318,0,-0.5117890238761902,-0.8571280241012573,-0.05833199992775917,0,0.10776299983263016,0.25653600692749023,-0.0015020000282675028,1,0.9219149947166443,0.32367798686027527,-0.21284900605678558,0,-0.05090999975800514,0.6459069848060608,0.7617160081863403,0,0.3840309977531433,-0.691402018070221,0.6119499802589417,0,0,0.22697299718856812,0,1,0.9889429807662964,0.14781899750232697,0.011921999976038933,0,-0.14788700640201569,0.9889910221099854,0.00506300013512373,0,-0.01104199979454279,-0.006769999861717224,0.9999160170555115,0,0,0.6162840127944946,0,1,0.05654799938201904,-0.014650999568402767,0.9982920289039612,0,-0.8805689811706543,-0.47196799516677856,0.0429529994726181,0,0.47053301334381104,-0.8814939856529236,-0.03959000110626221,0,-0.10776299983263016,0.2565059959888458,-0.00008399999933317304,1,0.874455988407135,-0.3322190046310425,0.35349300503730774,0,-0.05153400078415871,0.6609510183334351,0.7486580014228821,0,-0.48236000537872314,-0.672885000705719,0.5608519911766052,0,0,0.22697299718856812,0,1,0.9846810102462769,-0.1733669936656952,-0.018616000190377235,0,0.17347699403762817,0.984827995300293,0.004499000031501055,0,0.01755400002002716,-0.007658999878913164,0.9998170137405396,0,0,0.6160339713096619,0,1,-0.9878979921340942,-0.1443520039319992,0.056738000363111496,0,0.15381599962711334,-0.9588130116462708,0.2387849986553192,0,0.01993199996650219,0.24462300539016724,0.9694129824638367,0,0.18921500444412231,-0.10932400077581406,-0.002968000015243888,1,0.9994969964027405,-0.030652999877929688,0.008169000037014484,0,0.031651001423597336,0.9461920261383057,-0.32205501198768616,0,0.0021430000197142363,0.3221519887447357,0.9466860294342041,0,0,0.6271359920501709,0,1,0.8781840205192566,0.03922500088810921,0.47671300172805786,0,-0.4052189886569977,0.5905500054359436,0.697888970375061,0,-0.254148006439209,-0.8060479760169983,0.5345060229301453,0,0,0.5575649738311768,0,1,0.9961900115013123,0.01729699969291687,0.08547600358724594,0,-0.06372500211000443,0.8134909868240356,0.5780760049819946,0,-0.05953500047326088,-0.5813210010528564,0.811493992805481,0,0,0.3533110022544861,0,1,-0.989001989364624,-0.1047080010175705,-0.10445400327444077,0,0.10753899812698364,-0.993960976600647,-0.021835999563336372,0,-0.10153699666261673,-0.03282799944281578,0.9942899942398071,0,-0.18921500444412231,-0.10932400077581406,0.00007899999764049426,1,0.9996910095214844,0.024824999272823334,-0.0011340000201016665,0,-0.024793000891804695,0.9931740164756775,-0.11397299915552139,0,-0.0017040000529959798,0.11396600306034088,0.9934830069541931,0,0,0.6272590160369873,0,1,0.9041420221328735,-0.1390880048274994,-0.4039579927921295,0,0.41860800981521606,0.4774329960346222,0.7725449800491333,0,0.08541099727153778,-0.8675900101661682,0.4898900091648102,0,0,0.5584380030632019,0,1,0.9998509883880615,0.008462999947369099,-0.015077999792993069,0,0.003203999949619174,0.7662739753723145,0.6425060033798218,0,0.016992000862956047,-0.642458975315094,0.7661319971084595,0,0,0.3551889955997467,0,1
K0.033,0.9957090020179749,-0.042663998901844025,0.08211799710988998,0,0.04362199828028679,0.9989989995956421,-0.009906998835504055,0,-0.08161300420761108,0.013446999713778496,0.9965729713439941,0,0.07729499787092209,1.5003730058670044,-0.0024049999192357063,1,0.9996610283851624,0.023158999159932137,-0.011876000091433525,0,-0.02315099909901619,0.9997320175170898,0.0007979999063536525,0,0.011890999972820282,-0.0005229999078437686,0.9999290108680725,0,0,0.19666999578475952,-0.004044000059366226,1,0.9983659982681274,0.052420999854803085,-0.02275099977850914,0,-0.05140800029039383,0.9977499842643738,0.04303700104355812,0,0.024955999106168747,-0.04179700091481209,0.9988139867782593,0,0,0.2294970005750656,0,1,0.9983659982681274,0.052420999854803085,-0.02275099977850914,0,-0.05140800029039383,0.9977499842643738,0.04303700104355812,0,0.024955999106168747,-0.04179700091481209,0.9988139867782593,0,0,0.26228201389312744,0,1,0.9999740123748779,-0.006553000770509243,-0.0029530005995184183,0,0.005997000727802515,0.987151026725769,-0.15967899560928345,0,0.003961001057177782,0.15965700149536133,0.9871649742126465,0,0,0.29506799578666687,0,1,0.9966850280761719,-0.0798029974102974,-0.015822000801563263,0,0.08076299726963043,0.9939720034599304,0.07414600253105164,0,0.009809001348912716,-0.07517799735069275,0.9971219897270203,0,0,0.3114889860153198,-0.002174000022932887,1,0.09304200112819672,0.012378999963402748,-0.995585024356842,0,0.8539080023765564,-0.5152220129966736,0.07339499890804291,0,-0.5120390057563782,-0.8569679856300354,-0.058508001267910004,0,0.10776299983263016,0.25653600692749023,-0.0015020000282675028,1,0.9219520092010498,0.3233579993247986,-0.21317799389362335,0,-0.05045899748802185,0.6460049748420715,0.7616639733314514,0,0.38400399684906006,-0.6914610266685486,0.6119009852409363,0,0,0.22697299718856812,0,1,0.988955020904541,0.14774200320243835,0.01185499969869852,0,-0.14780999720096588,0.9890030026435852,0.005061000119894743,0,-0.010976999998092651,-0.006756999995559454,0.9999169707298279,0,0,0.6162840127944946,0,1,0.05660200119018555,-0.014650000259280205,0.9982889890670776,0,-0.8806009888648987,-0.4719020128250122,0.04300399869680405,0,0.4704650044441223,-0.8815289735794067,-0.03961100056767464,0,-0.10776299983263016,0.2565059959888458,-0.00008399999933317304,1,0.8745189905166626,-0.33179301023483276,0.3537369966506958,0,-0.05175499618053436,0.6613579988479614,0.7482830286026001,0,-0.4822219908237457,-0.672694981098175,0.5611979961395264,0,0,0.22697299718856812,0,1,0.9845229983329773,-0.1742659956216812,-0.01860399916768074,0,0.17437699437141418,0.9846680164337158,0.004521999973803759,0,0.017531000077724457,-0.007695999927818775,0.9998170137405396,0,0,0.6160339713096619,0,1,-0.9879180192947388,-0.14416399598121643,0.05687899887561798,0,0.1536639928817749,-0.9588879942893982,0.23858000338077545,0,0.020145999267697334,0.24443799257278442,0.9694560170173645,0,0.18921500444412231,-0.10932400077581406,-0.002968000015243888,1,0.9994969964027405,-0.030646000057458878,0.0081599997356534,0,0.031640999019145966,0.946340024471283,-0.32161998748779297,0,0.002133999951183796,0.3217169940471649,0.9468340277671814,0,0,0.6271359920501709,0,1,0.8779699802398682,0.03911000117659569,0.4771150052547455,0,-0.4054099917411804,0.5907649993896484,0.6975950002670288,0,-0.25457999110221863,-0.8058949708938599,0.534529983997345,0,0,0.5575649738311768,0,1,0.9962940216064453,0.017283998429775238,0.084259994328022,0,-0.06301799416542053,0.8134089708328247,0.5782690048217773,0,-0.058542996644973755,-0.5814359784126282,0.8114830255508423,0,0,0.3533110022544861,0,1,-0.9890369772911072,-0.10446400195360184,-0.10436899960041046,0,0.10723300278186798,-0.9940059781074524,-0.021272998303174973,0,-0.10152100026607513,-0.032231997698545456,0.9943109750747681,0,-0.18921500444412231,-0.10932400077581406,0.00007899999764049426,1,0.9996899962425232,0.024865999817848206,-0.0011580000864341855,0,-0.024834999814629555,0.9930790066719055,-0.11479400098323822,0,-0.0017040000529959798,0.11478699743747711,0.9933890104293823,0,0,0.6272590160369873,0,1,0.9043049812316895,-0.13897499442100525,-0.4036319851875305,0,0.41830500960350037,0.47712600231170654,0.7728980183601379,0,0.08517000079154968,-0.8677769899368286,0.4896019995212555,0,0,0.5584380030632019,0,1,0.9998509883880615,0.008454999886453152,-0.015057998709380627,0,0.003196999430656433,0.7662870287895203,0.6424909830093384,0,0.016970999538898468,-0.6424430012702942,0.7661449909210205,0,0,0.3551889955997467,0,1
K0.067,0.9956799745559692,-0.04263700172305107,0.0824889987707138,0,0.04359599947929382,0.9990010261535645,-0.009855001233518124,0,-0.08198600262403488,0.013408999890089035,0.9965429902076721,0,0.07732599973678589,1.5003730058670044,-0.00240899994969368,1,0.9996610283851624,0.023150000721216202,-0.011900000274181366,0,-0.023142000660300255,0.9997320175170898,0.0007850000984035432,0,0.011915000155568123,-0.000509000092279166,0.9999290108680725,0,0,0.19666999578475952,-0.004044000059366226,1,0.9983659982681274,0.05239799991250038,-0.02280000038444996,0,-0.05138299986720085,0.9977520108222961,0.04301099851727486,0,0.02500299923121929,-0.04176900163292885,0.9988139867782593,0,0,0.2294970005750656,0,1,0.9983659982681274,0.05239799991250038,-0.02280000038444996,0,-0.05138299986720085,0.9977520108222961,0.04301099851727486,0,0.02500299923121929,-0.04176900163292885,0.9988139867782593,0,0,0.26228201389312744,0,1,0.9999729990959167,-0.006641998887062073,-0.003025999292731285,0,0.006073999218642712,0.987151026725769,-0.15967699885368347,0,0.004047999158501625,0.15965500473976135,0.9871649742126465,0,0,0.29506799578666687,0,1,0.9966779947280884,-0.07987900078296661,-0.015910999849438667,0,0.08084599673748016,0.9939619898796082,0.07418300211429596,0,0.009889999404549599,-0.07522299885749817,0.9971179962158203,0,0,0.3114889860153198,-0.002174000022932887,1,0.09309899806976318,0.012377999722957611,-0.9955800175666809,0,0.8538780212402344,-0.5152649879455566,0.0734419971704483,0,-0.5120779871940613,-0.8569419980049133,-0.05854000151157379,0,0.10776299983263016,0.25653600692749023,-0.0015020000282675028,1,0.921904981136322,0.3232020139694214,-0.21361500024795532,0,-0.04996200278401375,0.6459649801254272,0.7617310285568237,0,0.3841809928417206,-0.6915709972381592,0.6116660237312317,0,0,0.22697299718856812,0,1,0.9889609813690186,0.14770300686359406,0.0118410000577569,0,-0.1477700024843216,0.9890090227127075,0.005059999879449606,0,-0.010963999666273594,-0.0067529999651014805,0.9999169707298279,0,0,0.6162840127944946,0,1,0.056682001799345016,-0.014650000259280205,0.9982849955558777,0,-0.8806319832801819,-0.4718390107154846,0.04307800158858299,0,0.47039899230003357,-0.8815630078315735,-0.039645999670028687,0,-0.10776299983263016,0.2565059959888458,-0.00008399999933317304,1,0.8745669722557068,-0.33190399408340454,0.3535139858722687,0,-0.05142500251531601,0.66144198179245,0.7482309937477112,0,-0.4821699857711792,-0.6725580096244812,0.5614079833030701,0,0,0.22697299718856812,0,1,0.9846169948577881,-0.1737300008535385,-0.018641000613570213,0,0.17384099960327148,0.9847630262374878,0.0045079998672008514,0,0.017573000863194466,-0.0076790000312030315,0.9998160004615784,0,0,0.6160339713096619,0,1,-0.9879249930381775,-0.14412599802017212,0.05684899911284447,0,0.15362000465393066,-0.9588980078697205,0.23857000470161438,0,0.020128000527620316,0.24442200362682343,0.9694600105285645,0,0.18921500444412231,-0.10932400077581406,-0.002968000015243888,1,0.9994969964027405,-0.03064900077879429,0.008159000426530838,0,0.031644001603126526,0.9463130235671997,-0.32170000672340393,0,0.0021389999892562628,0.3217970132827759,0.946806013584137,0,0,0.6271359920501709,0,1,0.8777409791946411,0.03919599950313568,0.47753000259399414,0,-0.40583500266075134,0.5906080007553101,0.6974819898605347,0,-0.25469499826431274,-0.8060060143470764,0.5343070030212402,0,0,0.5575649738311768,0,1,0.9963390231132507,0.017184002324938774,0.08374501019716263,0,-0.06260900944471359,0.8136950135231018,0.5779110193252563,0,-0.058212004601955414,-0.5810390114784241,0.8117920160293579,0,0,0.3533110022544861,0,1,-0.9890390038490295,-0.10438700020313263,-0.1044280007481575,0,0.10713300108909607,-0.994022011756897,-0.02103400230407715,0,-0.10160800069570541,-0.031991004943847656,0.9943100214004517,0,-0.18921500444412231,-0.10932400077581406,0.00007899999764049426,1,0.9996899962425232,0.0248819999396801,-0.001168999937362969,0,-0.02485099993646145,0.9930379986763,-0.11513999849557877,0,-0.0017040000529959798,0.11513400077819824,0.993349015712738,0,0,0.6272590160369873,0,1,0.9044619798660278,-0.13894300162792206,-0.4032909870147705,0,0.4180069863796234,0.4770359992980957,0.7731149792671204,0,0.08496599644422531,-0.8678309917449951,0.4895400106906891,0,0,0.5584380030632019,0,1,0.9998520016670227,0.0084610003978014,-0.014978000894188881,0,0.003140000393614173,0.7663000226020813,0.6424750089645386,0,0.01691400073468685,-0.6424270272254944,0.7661600112915039,0,0,0.3551889955997467,0,1
K0.100,0.9956660270690918,-0.042628999799489975,0.08264999836683273,0,0.04358899965882301,0.9990010261535645,-0.009843000210821629,0,-0.0821480005979538,0.013403000310063362,0.9965299963951111,0,0.07736299932003021,1.5003700256347656,-0.00240899994969368,1,0.9996610283851624,0.023145999759435654,-0.011897999793291092,0,-0.023138999938964844,0.9997320175170898,0.0007639999967068434,0,0.011912000365555286,-0.0004889999981969595,0.9999290108680725,0,0,0.19666999578475952,-0.004044000059366226,1,0.9983670115470886,0.0523810014128685,-0.022796999663114548,0,-0.05136699974536896,0.9977549910545349,0.04297000169754028,0,0.024995999410748482,-0.041728999465703964,0.9988160133361816,0,0,0.2294970005750656,0,1,0.9983670115470886,0.0523810014128685,-0.022796999663114548,0,-0.05136699974536896,0.9977549910545349,0.04297000169754028,0,0.024995999410748482,-0.041728999465703964,0.9988160133361816,0,0,0.26228201389312744,0,1,0.9999729990959167,-0.006730999797582626,-0.0031079999171197414,0,0.006147999782115221,0.9871469736099243,-0.15969400107860565,0,0.004143000114709139,0.15966999530792236,0.9871619939804077,0,0,0.29506799578666687,0,1,0.9966679811477661,-0.07997699826955795,-0.016016999259591103,0,0.08095099776983261,0.9939519762992859,0.07420899718999863,0,0.009984999895095825,-0.07525800168514252,0.9971140027046204,0,0,0.3114889860153198,-0.002174000022932887,1,0.09301900118589401,0.012380000203847885,-0.9955869913101196,0,0.8539450168609619,-0.5151640176773071,0.07337900251150131,0,-0.5119820237159729,-0.8570029735565186,-0.05849200114607811,0,0.10776299983263016,0.25653600692749023,-0.0015020000282675028,1,0.9218459725379944,0.32315701246261597,-0.21393699944019318,0,-0.049531999975442886,0.6457290053367615,0.7619590163230896,0,0.38437798619270325,-0.6918119788169861,0.6112689971923828,0,0,0.22697299718856812,0,1,0.9889609813690186,0.1476989984512329,0.011855999939143658,0,-0.14776700735092163,0.9890090227127075,0.005059000104665756,0,-0.01097899954766035,-0.006754999980330467,0.9999169707298279,0,0,0.6162840127944946,0,1,0.05679500102996826,-0.014649000018835068,0.998278021812439,0,-0.8806430101394653,-0.47180798649787903,0.04317900165915489,0,0.47036299109458923,-0.8815799951553345,-0.03969600051641464,0,-0.10776299983263016,0.2565059959888458,-0.00008399999933317304,1,0.8745819926261902,-0.33204901218414307,0.3533399999141693,0,-0.0511149987578392,0.6615219712257385,0.7481809854507446,0,-0.48217499256134033,-0.6724069714546204,0.5615829825401306,0,0,0.22697299718856812,0,1,0.9847390055656433,-0.17303000390529633,-0.018678000196814537,0,0.1731410026550293,0.9848870038986206,0.004490000195801258,0,0.017619000747799873,-0.007656000088900328,0.9998149871826172,0,0,0.6160339713096619,0,1,-0.9879410266876221,-0.14404000341892242,0.056784000247716904,0,0.15352299809455872,-0.9588750004768372,0.23872199654579163,0,0.020062999799847603,0.24456100165843964,0.9694259762763977,0,0.18921500444412231,-0.10932400077581406,-0.002968000015243888,1,0.9994969964027405,-0.030649999156594276,0.0081599997356534,0,0.031644999980926514,0.9462019801139832,-0.32202601432800293,0,0.0021490000654011965,0.3221229910850525,0.9466959834098816,0,0,0.6271359920501709,0,1,0.8776360154151917,0.03968000039458275,0.47768300771713257,0,-0.40634098649024963,0.5901989936828613,0.6975330114364624,0,-0.2542499899864197,-0.8062819838523865,0.5341029763221741,0,0,0.5575649738311768,0,1,0.9963549971580505,0.01700899936258793,0.08358900249004364,0,-0.06230299919843674,0.8144299983978271,0.5769069790840149,0,-0.05826500058174133,-0.5800120234489441,0.8125209808349609,0,0,0.3533110022544861,0,1,-0.9890360236167908,-0.10432399809360504,-0.10451699793338776,0,0.10704100131988525,-0.994038999080658,-0.020715000107884407,0,-0.10173299908638,-0.03167499974370003,0.9943069815635681,0,-0.18921500444412231,-0.10932400077581406,0.00007899999764049426,1,0.999688982963562,0.024901000782847404,-0.0011780000058934093,0,-0.024870000779628754,0.9929670095443726,-0.11574599891901016,0,-0.001711999997496605,0.11573900282382965,0.9932780265808105,0,0,0.6272590160369873,0,1,0.9045490026473999,-0.1388320028781891,-0.40313300490379333,0,0.4178360104560852,0.476857990026474,0.7733179926872253,0,0.08487600088119507,-0.867946982383728,0.48934999108314514,0,0,0.5584380030632019,0,1,0.9998530149459839,0.008466999977827072,-0.014886000193655491,0,0.0030759999062865973,0.7663159966468811,0.6424570083618164,0,0.016846999526023865,-0.642408013343811,0.7661769986152649,0,0,0.3551889955997467,0,1
K0.133,0.9956629872322083,-0.04263700172305107,0.08269300311803818,0,0.04359399899840355,0.9990010261535645,-0.009798998944461346,0,-0.08219300210475922,0.013360999524593353,0.9965270161628723,0,0.07740999758243561,1.5003670454025269,-0.0024059999268501997,1,0.9996610283851624,0.02314699999988079,-0.011882999911904335,0,-0.02314000017940998,0.9997320175170898,0.0007219992694444954,0,0.011896000243723392,-0.00044699927093461156,0.9999290108680725,0,0,0.19666999578475952,-0.004044000059366226,1,0.9983680248260498,0.05236399918794632,-0.022770000621676445,0,-0.051353998482227325,0.9977589845657349,0.04288500174880028,0,0.024963999167084694,-0.04164599999785423,0.9988210201263428,0,0,0.2294970005750656,0,1,0.9983680248260498,0.05236399918794632,-0.022770000621676445,0,-0.051353998482227325,0.9977589845657349,0.04288500174880028,0,0.024963999167084694,-0.04164599999785423,0.9988210201263428,0,0,0.26228201389312744,0,1,0.9999719858169556,-0.006801000330597162,-0.003185000503435731,0,0.006205000448971987,0.9871389865875244,-0.15974600613117218,0,0.004231000319123268,0.1597220003604889,0.9871529936790466,0,0,0.29506799578666687,0,1,0.9966560006141663,-0.08009800314903259,-0.016131002455949783,0,0.08108100295066833,0.993939995765686,0.07422299683094025,0,0.010088001377880573,-0.0752829983830452,0.9971110224723816,0,0,0.3114889860153198,-0.002174000022932887,1,0.09293700009584427,0.012381999753415585,-0.9955949783325195,0,0.8540289998054504,-0.515034019947052,0.07331699877977371,0,-0.5118569731712341,-0.8570809960365295,-0.05843999981880188,0,0.10776299983263016,0.25653600692749023,-0.0015020000282675028,1,0.9218260049819946,0.32310399413108826,-0.21410299837589264,0,-0.04915199801325798,0.6453629732131958,0.7622929811477661,0,0.3844740092754364,-0.6921780109405518,0.6107940077781677,0,0,0.22697299718856812,0,1,0.9889580011367798,0.14772099256515503,0.011895000003278255,0,-0.14778900146484375,0.989005982875824,0.005059999879449606,0,-0.011017000302672386,-0.006761999800801277,0.9999160170555115,0,0,0.6162840127944946,0,1,0.05689699947834015,-0.014646999537944794,0.9982730150222778,0,-0.8806380033493042,-0.4718089997768402,0.04326999932527542,0,0.47036001086235046,-0.8815789818763733,-0.03974299877882004,0,-0.10776299983263016,0.2565059959888458,-0.00008399999933317304,1,0.8746079802513123,-0.3319860100746155,0.35333698987960815,0,-0.05103100463747978,0.6617000102996826,0.7480300068855286,0,-0.4821380078792572,-0.6722639799118042,0.5617859959602356,0,0,0.22697299718856812,0,1,0.9847909808158875,-0.17273300886154175,-0.018689999356865883,0,0.17284400761127472,0.9849389791488647,0.0044820006005465984,0,0.01763400062918663,-0.007645000237971544,0.9998149871826172,0,0,0.6160339713096619,0,1,-0.9879599809646606,-0.14393700659275055,0.056724999099969864,0,0.15341399610042572,-0.9588279724121094,0.23898300528526306,0,0.01999099925160408,0.24480800330638885,0.9693660140037537,0,0.18921500444412231,-0.10932400077581406,-0.002968000015243888,1,0.9994969964027405,-0.03064800053834915,0.0081599997356534,0,0.03164200112223625,0.9460710287094116,-0.3224090039730072,0,0.0021609999239444733,0.32250499725341797,0.9465649724006653,0,0,0.6271359920501709,0,1,0.8776299953460693,0.04030000418424606,0.4776409864425659,0,-0.40678200125694275,0.5897300243377686,0.6976730227470398,0,-0.2535629868507385,-0.8065950274467468,0.5339580178260803,0,0,0.5575649738311768,0,1,0.9964669942855835,0.016628993675112724,0.08232597261667252,0,-0.06116697937250137,0.8154060244560242,0.5756490230560303,0,-0.05755698308348656,-0.5786510109901428,0.8135420083999634,0,0,0.3533110022544861,0,1,-0.9890270233154297,-0.10426899790763855,-0.10466399788856506,0,0.1069440022110939,-0.9940580129623413,-0.020266994833946228,0,-0.10192800313234329,-0.031237995252013206,0.9943010210990906,0,-0.18921500444412231,-0.10932400077581406,0.00007899999764049426,1,0.9996880292892456,0.02493100054562092,-0.0011890002060681581,0,-0.024900000542402267,0.9928730130195618,-0.11654600501060486,0,-0.0017250000964850187,0.11653900891542435,0.9931849837303162,0,0,0.6272590160369873,0,1,0.9046199917793274,-0.13867799937725067,-0.4030269980430603,0,0.41769298911094666,0.47662800550460815,0.7735360264778137,0,0.08482199907302856,-0.8680980205535889,0.48909199237823486,0,0,0.5584380030632019,0,1,0.9998540282249451,0.008458999916911125,-0.014818998984992504,0,0.003037999616935849,0.7663260102272034,0.6424450278282166,0,0.016790999099612236,-0.6423959732055664,0.7661889791488647,0,0,0.3551889955997467,0,1
K0.167,0.9956600069999695,-0.04264499992132187,0.08271799981594086,0,0.04359300062060356,0.9990019798278809,-0.009684001095592976,0,-0.08222299814224243,0.013248001225292683,0.9965260028839111,0,0.07746800035238266,1.5003670454025269,-0.002397000091150403,1,0.9996619820594788,0.023149000480771065,-0.011869999580085278,0,-0.023143000900745392,0.9997320175170898,0.0006490007508546114,0,0.011881999671459198,-0.00037400072324089706,0.9999290108680725,0,0,0.19666999578475952,-0.004044000059366226,1,0.9983699917793274,0.0523420013487339,-0.022748000919818878,0,-0.051336999982595444,0.9977660179138184,0.04273900017142296,0,0.02493399940431118,-0.04150199890136719,0.9988269805908203,0,0,0.2294970005750656,0,1,0.9983699917793274,0.0523420013487339,-0.022748000919818878,0,-0.051336999982595444,0.9977660179138184,0.04273900017142296,0,0.02493399940431118,-0.04150199890136719,0.9988269805908203,0,0,0.26228201389312744,0,1,0.9999709725379944,-0.006835999432951212,-0.003241999540477991,0,0.006229999475181103,0.9871240258216858,-0.15983499586582184,0,0.004292999394237995,0.15981100499629974,0.9871379733085632,0,0,0.29506799578666687,0,1,0.9966430068016052,-0.08024699985980988,-0.01624099723994732,0,0.08123800158500671,0.993927001953125,0.0742269977927208,0,0.010185998864471912,-0.07529699802398682,0.9971089959144592,0,0,0.3114889860153198,-0.002174000022932887,1,0.09291599690914154,0.012381000444293022,-0.9955970048904419,0,0.8540809750556946,-0.5149480104446411,0.07330500334501266,0,-0.5117729902267456,-0.8571320176124573,-0.05842199921607971,0,0.10776299983263016,0.25653600692749023,-0.0015020000282675028,1,0.9218500256538391,0.32299599051475525,-0.21416400372982025,0,-0.04880000278353691,0.6449609994888306,0.7626559734344482,0,0.38446199893951416,-0.6926029920578003,0.6103190183639526,0,0,0.22697299718856812,0,1,0.9889540076255798,0.14774000644683838,0.011927999556064606,0,-0.1478080004453659,0.9890030026435852,0.005061000119894743,0,-0.0110489996150136,-0.006767999846488237,0.9999160170555115,0,0,0.6162840127944946,0,1,0.0569319985806942,-0.014646000228822231,0.9982709884643555,0,-0.8806319832801819,-0.4718190133571625,0.04330100119113922,0,0.47036901116371155,-0.8815739750862122,-0.03975899890065193,0,-0.10776299983263016,0.2565059959888458,-0.00008399999933317304,1,0.8746489882469177,-0.3314230144023895,0.35376301407814026,0,-0.05151199549436569,0.6620979905128479,0.7476450204849243,0,-0.482012003660202,-0.6721500158309937,0.5620309710502625,0,0,0.22697299718856812,0,1,0.984620988368988,-0.17370998859405518,-0.018611999228596687,0,0.17382098734378815,0.9847670197486877,0.004507999401539564,0,0.017544999718666077,-0.007672999519854784,0.9998170137405396,0,0,0.6160339713096619,0,1,-0.9879729747772217,-0.14385099709033966,0.056713998317718506,0,0.15333299338817596,-0.9587870240211487,0.2391979992389679,0,0.019967999309301376,0.24501700699329376,0.9693130254745483,0,0.18921500444412231,-0.10932400077581406,-0.002968000015243888,1,0.9994969964027405,-0.03064499981701374,0.008155999705195427,0,0.031637001782655716,0.9460210204124451,-0.3225589990615845,0,0.0021689999848604202,0.32265400886535645,0.9465140104293823,0,0,0.6271359920501709,0,1,0.8776839971542358,0.04072599485516548,0.47750699520111084,0,-0.4069879949092865,0.5894449949264526,0.6977930068969727,0,-0.2530460059642792,-0.806780993938446,0.533922016620636,0,0,0.5575649738311768,0,1,0.9967120289802551,0.0159820057451725,0.07943703234195709,0,-0.058894023299217224,0.8162140250205994,0.5747399926185608,0,-0.05565201863646507,-0.5775279998779297,0.8144710063934326,0,0,0.3533110022544861,0,1,-0.9890130162239075,-0.10420499742031097,-0.10485699772834778,0,0.10682599991559982,-0.9940829873085022,-0.019678005948662758,0,-0.10218600183725357,-0.030663006007671356,0.9942929744720459,0,-0.18921500444412231,-0.10932400077581406,0.00007899999764049426,1,0.9996870160102844,0.024972999468445778,-0.001207999768666923,0,-0.024941999465227127,0.99276202917099,-0.117482990026474,0,-0.0017349999397993088,0.11747599393129349,0.9930739998817444,0,0,0.6272590160369873,0,1,0.9046990275382996,-0.13850100338459015,-0.4029099941253662,0,0.4175339937210083,0.47636398673057556,0.7737839818000793,0,0.08476199954748154,-0.868270993232727,0.4887950122356415,0,0,0.5584380030632019,0,1,0.9998559951782227,0.008446999825537205,-0.014741000719368458,0,0.0029980004765093327,0.7663180232048035,0.642454981803894,0,0.01672299951314926,-0.6424059867858887,0.766182005405426,0,0,0.3551889955997467,0,1
K0.200,0.9956579804420471,-0.04263899847865105,0.08274900168180466,0,0.04357599839568138,0.9990040063858032,-0.00955399964004755,0,-0.08225899934768677,0.013119000010192394,0.99652498960495,0,0.07753700017929077,1.5003689527511597,-0.0023819999769330025,1,0.9996619820594788,0.02314399927854538,-0.011858000420033932,0,-0.023138999938964844,0.9997320175170898,0.0005549999768845737,0,0.011866999790072441,-0.0002800000074785203,0.9999300241470337,0,0,0.19666999578475952,-0.004044000059366226,1,0.9983720183372498,0.05230800062417984,-0.022729000076651573,0,-0.05130799859762192,0.9977759718894958,0.04255099967122078,0,0.024903999641537666,-0.041315000504255295,0.9988359808921814,0,0,0.2294970005750656,0,1,0.9983720183372498,0.05230800062417984,-0.022729000076651573,0,-0.05130799859762192,0.9977759718894958,0.04255099967122078,0,0.024903999641537666,-0.041315000504255295,0.9988359808921814,0,0,0.26228201389312744,0,1,0.9999709725379944,-0.006816999986767769,-0.003269999986514449,0,0.0062060002237558365,0.9871039986610413,-0.15995900332927704,0,0.004317999817430973,0.15993399918079376,0.9871180057525635,0,0,0.29506799578666687,0,1,0.9966269731521606,-0.08042500168085098,-0.016336999833583832,0,0.08142200112342834,0.9939150214195251,0.07419099658727646,0,0.010270999744534492,-0.07526999711990356,0.9971100091934204,0,0,0.3114889860153198,-0.002174000022932887,1,0.09292100369930267,0.012382999993860722,-0.9955959916114807,0,0.8541120290756226,-0.5148959755897522,0.07331199944019318,0,-0.5117210149765015,-0.8571630120277405,-0.058421000838279724,0,0.10776299983263016,0.25653600692749023,-0.0015020000282675028,1,0.9218760132789612,0.3228900134563446,-0.21421200037002563,0,-0.04846600070595741,0.644569993019104,0.7630079984664917,0,0.384442001581192,-0.693015992641449,0.6098629832267761,0,0,0.22697299718856812,0,1,0.988955020904541,0.1477389931678772,0.011927999556064606,0,-0.14780700206756592,0.9890030026435852,0.005059999879449606,0,-0.011049999855458736,-0.006767000071704388,0.9999160170555115,0,0,0.6162840127944946,0,1,0.0569010004401207,-0.014646999537944794,0.9982720017433167,0,-0.8806229829788208,-0.47183701395988464,0.043271999806165695,0,0.4703879952430725,-0.8815640211105347,-0.039746999740600586,0,-0.10776299983263016,0.2565059959888458,-0.00008399999933317304,1,0.8746539950370789,-0.3301520049571991,0.35493600368499756,0,-0.05290599912405014,0.6628180146217346,0.7469090223312378,0,-0.4818519949913025,-0.672065019607544,0.5622699856758118,0,0,0.22697299718856812,0,1,0.9841020107269287,-0.17664900422096252,-0.018393000587821007,0,0.1767600029706955,0.9842429757118225,0.00458399998024106,0,0.01729400083422661,-0.00776199996471405,0.9998199939727783,0,0,0.6160339713096619,0,1,-0.9879800081253052,-0.14378400146961212,0.05675400048494339,0,0.15328000485897064,-0.9587730169296265,0.2392899990081787,0,0.02000799961388111,0.24511300027370453,0.9692879915237427,0,0.18921500444412231,-0.10932400077581406,-0.002968000015243888,1,0.9994969964027405,-0.030642999336123466,0.008151000365614891,0,0.031633999198675156,0.9460499882698059,-0.32247400283813477,0,0.0021699999924749136,0.32256999611854553,0.9465429782867432,0,0,0.6271359920501709,0,1,0.8777539730072021,0.04086200147867203,0.47736701369285583,0,-0.4069660007953644,0.5893890261650085,0.6978539824485779,0,-0.25283899903297424,-0.8068159818649292,0.5339670181274414,0,0,0.5575649738311768,0,1,0.9969580173492432,0.01526699960231781,0.07643000036478043,0,-0.056543998420238495,0.8165850043296814,0.5744490027427673,0,-0.05364200100302696,-0.5770230293273926,0.8149639964103699,0,0,0.3533110022544861,0,1,-0.9890040159225464,-0.1041250005364418,-0.10502099990844727,0,0.10669100284576416,-0.9941089749336243,-0.019108999520540237,0,-0.10241299867630005,-0.03010299988090992,0.9942860007286072,0,-0.18921500444412231,-0.10932400077581406,0.00007899999764049426,1,0.9996860027313232,0.02501700073480606,-0.0012339999666437507,0,-0.024986999109387398,0.9926549792289734,-0.11836700141429901,0,-0.0017359999474138021,0.11836100369691849,0.9929689764976501,0,0,0.6272590160369873,0,1,0.904761016368866,-0.13831999897956848,-0.4028339982032776,0,0.41740599274635315,0.4761120080947876,0.7740089893341064,0,0.08473300188779831,-0.8684380054473877,0.48850300908088684,0,0,0.5584380030632019,0,1,0.9998570084571838,0.008449999615550041,-0.014618000015616417,0,0.0029180001001805067,0.7662879824638367,0.642490029335022,0,0.01662999950349331,-0.6424409747123718,0.7661539912223816,0,0,0.3551889955997467,0,1
