2.500,30,75,25
B0,mixamorig_Hips,-1,0.9978388547897339,-0.00738578150048852,0.06529189646244049,0,0.0030502809677273035,0.9977986216545105,0.0662476196885109,0,-0.06563710421323776,-0.06590543687343597,0.9956645369529724,0,-0.00013244022557046264,1.4909147024154663,0.005334740970283747,1
B1,mixamorig_Spine,0,0.9999819993972778,-0.0007237208774313331,-0.005911499261856079,0,0.0006197408656589687,0.9998459219932556,-0.01754320226609707,0,0.005923519376665354,0.01753918081521988,0.9998289346694946,0,0,0.19666999578475952,-0.004044000059366226,1
B2,mixamorig_Spine1,1,0.9999359250068665,-0.0035502412356436253,-0.010741622187197208,0,0.0036502412986010313,0.9999499917030334,0.009305658750236034,0,0.010707621462643147,-0.00934469886124134,0.9998990297317505,0,0,0.2294970005750656,0,1
B3,mixamorig_Spine2,2,0.9999349117279053,-0.0035566617734730244,-0.010799341835081577,0,0.0036556818522512913,0.9999510049819946,0.009242638014256954,0,0.010766301304101944,-0.00928167812526226,0.9998990297317505,0,0,0.26228201389312744,0,1
B4,mixamorig_Neck,3,0.9985920786857605,0.05055703967809677,0.01605621911585331,0,-0.04644995927810669,0.9795845746994019,-0.19559426605701447,0,-0.025617139413952827,0.1945732831954956,0.9805535078048706,0,0,0.29506799578666687,0,1
B5,mixamorig_Head,4,0.9975407719612122,-0.03444768860936165,-0.06104329600930214,0,0.044683828949928284,0.9835215210914612,0.1751815229654312,0,0.054003119468688965,-0.17747804522514343,0.9826422929763794,0,0,0.3114889860153198,-0.002174000022932887,1
B6,mixamorig_HeadTop_End,5,1,0,0,0,0,1,0,0,0,0,1,0,0,0.9714379906654358,-0.006781000178307295,1
B7,mixamorig_LeftShoulder,3,0.18089719116687775,0.02969725988805294,-0.9830537438392639,0,0.8599877953529358,-0.48973536491394043,0.143456369638443,0,-0.477175772190094,-0.8713652491569519,-0.11413157731294632,0,0.10776299983263016,0.25653600692749023,-0.0015020000282675028,1
B8,mixamorig_LeftArm,7,0.9649544954299927,0.21009331941604614,-0.1572401523590088,0,-0.03297986835241318,0.6915352940559387,0.7215893268585205,0,0.26033815741539,-0.6911154389381409,0.6742287278175354,0,0,0.22697299718856812,0,1
B9,mixamorig_LeftForeArm,8,0.9752223491668701,0.22122378647327423,0.0011799400672316551,0,-0.2212267816066742,0.9751933813095093,0.007574780378490686,0,0.0005249599926173687,-0.0076477802358567715,0.9999709725379944,0,0,0.6162840127944946,0,1
B10,mixamorig_LeftHand,9,1,0,0,0,0,1,0,0,0,0,1,0,0,0.43313300609588623,0,1
B11,mixamorig_RightShoulder,3,0.25288161635398865,-0.03513597697019577,0.9668592810630798,0,-0.834542453289032,-0.5135109424591064,0.19961342215538025,0,0.48947831988334656,-0.8573638796806335,-0.15917986631393433,0,-0.10776299983263016,0.2565059959888458,-0.00008399999933317304,1
B12,mixamorig_RightArm,11,0.996762216091156,-0.05485839396715164,-0.0587814636528492,0,0.08040358871221542,0.6784299612045288,0.7302519679069519,0,-0.00018098506552632898,-0.7326136827468872,0.6806440353393555,0,0,0.22697299718856812,0,1
B13,mixamorig_RightForeArm,12,0.9917615056037903,-0.12809664011001587,-0.0010341600282117724,0,0.12809960544109344,0.9917555451393127,0.00332228047773242,0,0.000600819883402437,-0.0034273206256330013,0.9999939799308777,0,0,0.6160339713096619,0,1
B14,mixamorig_RightHand,13,1,0,0,0,0,1,0,0,0,0,1,0,0,0.4333229959011078,0,1
B15,mixamorig_LeftUpLeg,0,-0.9613546133041382,-0.15977542102336884,0.22420546412467957,0,0.18656547367572784,-0.9769477844238281,0.10375884175300598,0,0.20245924592018127,0.14157822728157043,0.969002902507782,0,0.18921500444412231,-0.10932400077581406,-0.002968000015243888,1
B16,mixamorig_LeftLeg,15,0.9962482452392578,0.025742841884493828,0.08262276649475098,0,-0.00708362041041255,0.9757868647575378,-0.2186087816953659,0,-0.08624988794326782,0.2172035276889801,0.9723080992698669,0,0,0.6271359920501709,0,1
B17,mixamorig_LeftFoot,16,0.9789009094238281,-0.09012987464666367,0.18338263034820557,0,-0.1087639182806015,0.5299298763275146,0.8410378694534302,0,-0.17298290133476257,-0.843238353729248,0.5089457035064697,0,0,0.5575649738311768,0,1
B18,mixamorig_LeftToeBase,17,0.9997779726982117,-0.0023454998154193163,0.02095053903758526,0,-0.010703160427510738,0.7997060418128967,0.6002962589263916,0,-0.018161341547966003,-0.6003872752189636,0.7995030879974365,0,0,0.3533110022544861,0,1
B19,mixamorig_LeftToe_End,18,1,0,0,0,0,1,0,0,0,0,1,0,0,0.13574400544166565,0,1
B20,mixamorig_RightUpLeg,0,-0.977567732334137,0.14095166325569153,-0.15650872886180878,0,-0.1615327000617981,-0.9785782098770142,0.12764042615890503,0,-0.1351640671491623,0.15005871653556824,0.9793938994407654,0,-0.18921500444412231,-0.10932400077581406,0.00007899999764049426,1
B21,mixamorig_RightLeg,20,0.9992882609367371,-0.027728643268346786,0.0255673099309206,0,0.03141732141375542,0.9870237112045288,-0.15747305750846863,0,-0.020869571715593338,0.15816369652748108,0.9871922135353088,0,0,0.6272590160369873,0,1
B22,mixamorig_RightFoot,21,0.9797857403755188,0.09088584035634995,-0.17821329832077026,0,0.09552934020757675,0.5701470971107483,0.8159700036048889,0,0.1757681518793106,-0.8164998292922974,0.5499398708343506,0,0,0.5584380030632019,0,1
B23,mixamorig_RightToeBase,22,0.9997100234031677,0.000001160581177828135,-0.024079039692878723,0,0.014515639282763004,0.7978392839431763,0.6026950478553772,0,0.01921256072819233,-0.6028700470924377,0.7976081967353821,0,0,0.3551889955997467,0,1
B24,mixamorig_RightToe_End,23,1,0,0,0,0,1,0,0,0,0,1,0,0,0.13565100729465485,0,1
@20,0,1,2,3,4,5,7,8,9,11,12,13,15,16,17,18,20,21,22,23
K0.000,0.9979109764099121,-0.007023000158369541,0.06422200053930283,0,0.002727000042796135,0.9977669715881348,0.06673400104045868,0,-0.06454700231552124,-0.06641899794340134,0.9957020282745361,0,-0.000056000000768108293,1.490913987159729,0.0038159999530762434,1,0.9999840259552002,-0.0002280000044265762,-0.0055680000223219395,0,0.00013000000035390258,0.999845027923584,-0.01758899912238121,0,0.005570999812334776,0.017588000744581223,0.9998300075531006,0,0,0.19666999578475952,-0.004044000059366226,1,0.9999499917030334,-0.0023350000847131014,-0.009770000353455544,0,0.0024220000486820936,0.9999570250511169,0.008899999782443047,0,0.009748999960720539,-0.008923999965190887,0.9999129772186279,0,0,0.2294970005750656,0,1,0.9999489784240723,-0.002445999998599291,-0.00979399960488081,0,0.002532999962568283,0.9999579787254333,0.008843000046908855,0,0.009771999903023243,-0.008867000229656696,0.9999129772186279,0,0,0.26228201389312744,0,1,0.998619019985199,0.05009099841117859,0.015809999778866768,0,-0.04596700146794319,0.9790369868278503,-0.19842499494552612,0,-0.025418000295758247,0.1974249929189682,0.9799879789352417,0,0,0.29506799578666687,0,1,0.9974589943885803,-0.03462199866771698,-0.062258001416921616,0,0.04502899944782257,0.9836429953575134,0.17441199719905853,0,0.05520100146532059,-0.17677299678325653,0.9827020168304443,0,0,0.3114889860153198,-0.002174000022932887,1,0.1805959939956665,0.02969600073993206,-0.9831089973449707,0,0.8598420023918152,-0.4900810122489929,0.1431490033864975,0,-0.47755199670791626,-0.8711709976196289,-0.11404000222682953,0,0.10776299983263016,0.25653600692749023,-0.0015020000282675028,1,0.9641240239143372,0.2133529931306839,-0.157941997051239,0,-0.035085998475551605,0.692192018032074,0.7208600044250488,0,0.2631230056285858,-0.6894559860229492,0.6748449802398682,0,0,0.22697299718856812,0,1,0.974888026714325,0.22269099950790405,0.0011909999884665012,0,-0.22269399464130402,0.9748589992523193,0.007625000085681677,0,0.0005370000144466758,-0.007699000183492899,0.999970018863678,0,0,0.6162840127944946,0,1,0.2521109879016876,-0.035211000591516495,0.9670569896697998,0,-0.8344240188598633,-0.514011025428772,0.19881899654865265,0,0.49007800221443176,-0.8570600152015686,-0.1589689999818802,0,-0.10776299983263016,0.2565059959888458,-0.00008399999933317304,1,0.9969850182533264,-0.05686800181865692,-0.052792999893426895,0,0.07739800214767456,0.6802579760551453,0.7288740277290344,0,-0.005537000019103289,-0.7307630181312561,0.6826090216636658,0,0,0.22697299718856812,0,1,0.9913740158081055,-0.13106299936771393,-0.0010450000409036875,0,0.1310659945011139,0.9913679957389832,0.0033990000374615192,0,0.000590000010561198,-0.0035059999208897352,0.9999939799308777,0,0,0.6160339713096619,0,1,-0.9614620208740234,-0.1593790054321289,0.22402900457382202,0,0.18630599975585938,-0.9769099950790405,0.10457400232553482,0,0.20218899846076965,0.14228199422359467,0.9689559936523438,0,0.18921500444412231,-0.10932400077581406,-0.002968000015243888,1,0.9963160157203674,0.025042999535799026,0.0820230022072792,0,-0.006763999816030264,0.9763820171356201,-0.21594400703907013,0,-0.08549299836158752,0.2145940065383911,0.9729539752006531,0,0,0.6271359920501709,0,1,0.9788860082626343,-0.09022500365972519,0.1834159940481186,0,-0.10824599862098694,0.5323449969291687,0.8395779728889465,0,-0.17339199781417847,-0.8417050242424011,0.511339008808136,0,0,0.5575649738311768,0,1,0.9997770190238953,-0.0024029999040067196,0.021000999957323074,0,-0.010684000328183174,0.7998170256614685,0.6001489758491516,0,-0.01823900081217289,-0.6002389788627625,0.7996129989624023,0,0,0.3533110022544861,0,1,-0.9776340126991272,0.14101000130176544,-0.15603700280189514,0,-0.16180400550365448,-0.9782609939575195,0.1297149956226349,0,-0.13435399532318115,0.15206100046634674,0.9791970252990723,0,-0.18921500444412231,-0.10932400077581406,0.00007899999764049426,1,0.9993209838867188,-0.028358999639749527,0.023538000881671906,0,0.0317469984292984,0.9867720007896423,-0.1589760035276413,0,-0.018718000501394272,0.15961499512195587,0.9870020151138306,0,0,0.6272590160369873,0,1,0.9797570109367371,0.09105800092220306,-0.1782809942960739,0,0.09542100131511688,0.5704630017280579,0.8157619833946228,0,0.1759839951992035,-0.8162599802017212,0.5502259731292725,0,0,0.5584380030632019,0,1,0.9997100234031677,0,-0.024078000336885452,0,0.01451599970459938,0.7978370189666748,0.6026989817619324,0,0.019210999831557274,-0.6028730273246765,0.7976059913635254,0,0,0.3551889955997467,0,1
K0.033,0.99788498878479,-0.007130999583750963,0.0646120011806488,0,0.002798998961225152,0.9977570176124573,0.066880002617836,0,-0.06494399905204773,-0.06655800342559814,0.9956669807434082,0,-0.00006299968663370237,1.4908989667892456,0.0038829997647553682,1,0.9999840259552002,-0.00022999999055173248,-0.0055680000223219395,0,0.0001320000010309741,0.999845027923584,-0.01758600026369095,0,0.005570999812334776,0.01758500002324581,0.9998300075531006,0,0,0.19666999578475952,-0.004044000059366226,1,0.9999470114707947,-0.002349002519622445,-0.010026002302765846,0,0.002441002521663904,0.9999549984931946,0.009135001339018345,0,0.010004001669585705,-0.009159000590443611,0.9999079704284668,0,0,0.2294970005750656,0,1,0.9999459981918335,-0.0025160007644444704,-0.010050001554191113,0,0.002607000758871436,0.9999549984931946,0.00907600112259388,0,0.010027001611888409,-0.00910200085490942,0.9999079704284668,0,0,0.26228201389312744,0,1,0.9986240267753601,0.05001000314950943,0.015814000740647316,0,-0.045889005064964294,0.9790570139884949,-0.19834700226783752,0,-0.025402000173926353,0.1973479986190796,0.9800040125846863,0,0,0.29506799578666687,0,1,0.9974290132522583,-0.03459500893950462,-0.06276299804449081,0,0.045075006783008575,0.9836949706077576,0.17410600185394287,0,0.055716000497341156,-0.176486998796463,0.9827250242233276,0,0,0.3114889860153198,-0.002174000022932887,1,0.18059700727462769,0.02974100038409233,-0.9831069707870483,0,0.8599110245704651,-0.48996299505233765,0.14314299821853638,0,-0.47742900252342224,-0.8712360262870789,-0.11405999958515167,0,0.10776299983263016,0.25653600692749023,-0.0015020000282675028,1,0.9641690254211426,0.21320000290870667,-0.15787599980831146,0,-0.034981999546289444,0.6920850276947021,0.7209680080413818,0,0.26297399401664734,-0.6896119713783264,0.6747440099716187,0,0,0.22697299718856812,0,1,0.9749450087547302,0.22244299948215485,0.0011889999732375145,0,-0.2224459946155548,0.9749150276184082,0.00761700002476573,0,0.000534999999217689,-0.007689999882131815,0.999970018863678,0,0,0.6162840127944946,0,1,0.2521120011806488,-0.03511799871921539,0.9670609831809998,0,-0.8343030214309692,-0.5142030119895935,0.19882899522781372,0,0.4902830123901367,-0.856948971748352,-0.15893599390983582,0,-0.10776299983263016,0.2565059959888458,-0.00008399999933317304,1,0.9970359802246094,-0.056869987398386,-0.05181002989411354,0,0.07668101787567139,0.6803150177001953,0.7288979887962341,0,-0.006205973215401173,-0.7307100296020508,0.6826589703559875,0,0,0.22697299718856812,0,1,0.9913660287857056,-0.13112197816371918,-0.0010449999244883657,0,0.13112498819828033,0.9913600087165833,0.0033999995794147253,0,0.0005900000687688589,-0.0035079994704574347,0.9999939799308777,0,0,0.6160339713096619,0,1,-0.9613929986953735,-0.15948300063610077,0.22425200045108795,0,0.18648800253868103,-0.9768540263175964,0.10477399826049805,0,0.20235100388526917,0.1425500065088272,0.9688829779624939,0,0.18921500444412231,-0.10932400077581406,-0.002968000015243888,1,0.9962930083274841,0.02511400356888771,0.082272008061409,0,-0.006733002606779337,0.9762629866600037,-0.2164829969406128,0,-0.08575600385665894,0.21512700617313385,0.9728140234947205,0,0,0.6271359920501709,0,1,0.9788789749145508,-0.0902860015630722,0.1834229975938797,0,-0.10828600078821182,0.5320289731025696,0.8397729992866516,0,-0.17340600490570068,-0.8418989777565002,0.5110160112380981,0,0,0.5575649738311768,0,1,0.9997779726982117,-0.002343999920412898,0.020949000492691994,0,-0.010703000240027905,0.7997040152549744,0.6002990007400513,0,-0.018160000443458557,-0.6003890037536621,0.7995020151138306,0,0,0.3533110022544861,0,1,-0.9776570200920105,0.140842005610466,-0.15604400634765625,0,-0.1616619974374771,-0.9782590270042419,0.12990200519561768,0,-0.13435600697994232,0.15222600102424622,0.9791709780693054,0,-0.18921500444412231,-0.10932400077581406,0.00007899999764049426,1,0.9993109703063965,-0.028334999457001686,0.023989001289010048,0,0.031794000416994095,0.9867839813232422,-0.15889400243759155,0,-0.01917000114917755,0.15954700112342834,0.9870039820671082,0,0,0.6272590160369873,0,1,0.979777991771698,0.09102100133895874,-0.17818400263786316,0,0.09535899758338928,0.5704759955406189,0.8157600164413452,0,0.17590099573135376,-0.8162549734115601,0.5502600073814392,0,0,0.5584380030632019,0,1,0.9997100234031677,0,-0.024078000336885452,0,0.01451599970459938,0.7978370189666748,0.6026989817619324,0,0.019210999831557274,-0.6028739809989929,0.7976049780845642,0,0,0.3551889955997467,0,1
K0.067,0.997868001461029,-0.007070000283420086,0.06487499922513962,0,0.0027110008522868156,0.9977480173110962,0.06702200323343277,0,-0.06520199775695801,-0.06670299917459488,0.995639979839325,0,-0.00003200030914740637,1.4908950328826904,0.003861000295728445,1,0.9999840259552002,-0.00022900001204106957,-0.0055680000223219395,0,0.0001320000010309741,0.9998459815979004,-0.017541000619530678,0,0.005570999812334776,0.01754000037908554,0.9998310208320618,0,0,0.19666999578475952,-0.004044000059366226,1,0.9999449849128723,-0.002593997633084655,-0.010186998173594475,0,0.002687997417524457,0.9999539852142334,0.00920099951326847,0,0.010162997990846634,-0.009227999486029148,0.9999060034751892,0,0,0.2294970005750656,0,1,0.9999439716339111,-0.00257499935105443,-0.010261998511850834,0,0.002668999368324876,0.9999549984931946,0.009140999056398869,0,0.010237998329102993,-0.009166998788714409,0.9999060034751892,0,0,0.26228201389312744,0,1,0.9986079931259155,0.05031399801373482,0.01583399996161461,0,-0.046191997826099396,0.9791120290756226,-0.19800600409507751,0,-0.02546600066125393,0.19699899852275848,0.9800729751586914,0,0,0.29506799578666687,0,1,0.9973989725112915,-0.03526999428868294,-0.06286100298166275,0,0.045720990747213364,0.9837790131568909,0.17346300184726715,0,0.055723000317811966,-0.17588600516319275,0.9828320145606995,0,0,0.3114889860153198,-0.002174000022932887,1,0.1801699995994568,0.029763000085949898,-0.9831849932670593,0,0.8600919842720032,-0.489749014377594,0.14278799295425415,0,-0.4772639870643616,-0.8713560104370117,-0.11383700370788574,0,0.10776299983263016,0.25653600692749023,-0.0015020000282675028,1,0.96424800157547,0.21293799579143524,-0.15774700045585632,0,-0.034811001271009445,0.6918860077857971,0.7211670279502869,0,0.262706995010376,-0.6898919939994812,0.6745619773864746,0,0,0.22697299718856812,0,1,0.9749169945716858,0.2225639969110489,0.0011899999808520079,0,-0.22256700694561005,0.974888026714325,0.007619999814778566,0,0.0005360000068321824,-0.0076939999125897884,0.999970018863678,0,0,0.6162840127944946,0,1,0.2523899972438812,-0.03502099961042404,0.9669920206069946,0,-0.8342260122299194,-0.5142179727554321,0.19911399483680725,0,0.49027198553085327,-0.8569440245628357,-0.1589989960193634,0,-0.10776299983263016,0.2565059959888458,-0.00008399999933317304,1,0.9969409704208374,-0.05578701198101044,-0.054743971675634384,0,0.07808198779821396,0.6794769763946533,0.7295309901237488,0,-0.0035010268911719322,-0.7315729856491089,0.6817539930343628,0,0,0.22697299718856812,0,1,0.9915800094604492,-0.1294890195131302,-0.001039000111632049,0,0.12949201464653015,0.9915750026702881,0.003358000423759222,0,0.000594999932218343,-0.0034650005400180817,0.9999939799308777,0,0,0.6160339713096619,0,1,-0.9615210294723511,-0.15924200415611267,0.22387200593948364,0,0.18621399998664856,-0.9768919944763184,0.10490799695253372,0,0.20199300348758698,0.1425590068101883,0.9689559936523438,0,0.18921500444412231,-0.10932400077581406,-0.002968000015243888,1,0.9962270259857178,0.02552499622106552,0.08294199407100677,0,-0.0069909971207380295,0.976265013217926,-0.21646499633789062,0,-0.08649799227714539,0.2150679975748062,0.9727609753608704,0,0,0.6271359920501709,0,1,0.9788680076599121,-0.09045100212097168,0.18340399861335754,0,-0.10817400366067886,0.5320749878883362,0.8397589921951294,0,-0.17354199290275574,-0.8418520092964172,0.5110459923744202,0,0,0.5575649738311768,0,1,0.9997779726982117,-0.0023449999280273914,0.020949000492691994,0,-0.010703000240027905,0.799705982208252,0.6002969741821289,0,-0.018161000683903694,-0.6003869771957397,0.7995030283927917,0,0,0.3533110022544861,0,1,-0.9776359796524048,0.1408810019493103,-0.15614299476146698,0,-0.16176199913024902,-0.9781990051269531,0.1302330046892166,0,-0.13439199328422546,0.15257899463176727,0.9791110157966614,0,-0.18921500444412231,-0.10932400077581406,0.00007899999764049426,1,0.9993060231208801,-0.028317000716924667,0.02420399896800518,0,0.03181400150060654,0.986752986907959,-0.15907800197601318,0,-0.019377999007701874,0.15973800420761108,0.986968994140625,0,0,0.6272590160369873,0,1,0.9797790050506592,0.09103599935770035,-0.17817600071430206,0,0.09534700214862823,0.5704609751701355,0.8157719969749451,0,0.17590700089931488,-0.8162639737129211,0.5502449870109558,0,0,0.5584380030632019,0,1,0.9997100234031677,0,-0.024078000336885452,0,0.01451599970459938,0.7978370189666748,0.6026989817619324,0,0.019210999831557274,-0.6028730273246765,0.7976049780845642,0,0,0.3551889955997467,0,1
K0.100,0.997842013835907,-0.007069000042974949,0.06527300179004669,0,0.002686999971047044,0.9977499842643738,0.06698799878358841,0,-0.06560000032186508,-0.06666900217533112,0.9956160187721252,0,-0.00006299999949987978,1.4908610582351685,0.004157999996095896,1,0.9999840259552002,-0.0005210000090301037,-0.005646999925374985,0,0.00042100000428035855,0.9998440146446228,-0.01765500009059906,0,0.005654999986290932,0.01765199936926365,0.9998279809951782,0,0,0.19666999578475952,-0.004044000059366226,1,0.9999430179595947,-0.002788000041618943,-0.01028400007635355,0,0.0028810000512748957,0.9999549984931946,0.00903099961578846,0,0.01025800034403801,-0.009060000069439411,0.9999060034751892,0,0,0.2294970005750656,0,1,0.9999430179595947,-0.0027719999197870493,-0.010354000143706799,0,0.0028649999294430017,0.9999560117721558,0.008971000090241432,0,0.01032899972051382,-0.008999999612569809,0.9999060034751892,0,0,0.26228201389312744,0,1,0.9986109733581543,0.05024699866771698,0.01586199924349785,0,-0.04613500088453293,0.9792240262031555,-0.19746500253677368,0,-0.025453999638557434,0.19645899534225464,0.9801819920539856,0,0,0.29506799578666687,0,1,0.997402012348175,-0.034728001803159714,-0.06311900168657303,0,0.0452909991145134,0.9836130142211914,0.17451199889183044,0,0.05602499842643738,-0.17691700160503387,0.9826300144195557,0,0,0.3114889860153198,-0.002174000022932887,1,0.1793529987335205,0.029830999672412872,-0.9833319783210754,0,0.8602169752120972,-0.48974600434303284,0.14203999936580658,0,-0.4773460030555725,-0.8713549971580505,-0.1134990006685257,0,0.10776299983263016,0.25653600692749023,-0.0015020000282675028,1,0.9644079804420471,0.212350994348526,-0.15755699574947357,0,-0.034393999725580215,0.6915429830551147,0.7215160131454468,0,0.26217201352119446,-0.6904169917106628,0.6742330193519592,0,0,0.22697299718856812,0,1,0.9749220013618469,0.22254300117492676,0.0011899999808520079,0,-0.22254499793052673,0.9748929738998413,0.007619999814778566,0,0.0005360000068321824,-0.0076939999125897884,0.999970018863678,0,0,0.6162840127944946,0,1,0.25276100635528564,-0.03496300056576729,0.9668970108032227,0,-0.8342159986495972,-0.5140900015830994,0.19948700070381165,0,0.4900969862937927,-0.8570230007171631,-0.1591089963912964,0,-0.10776299983263016,0.2565059959888458,-0.00008399999933317304,1,0.9969099760055542,-0.054607998579740524,-0.05647199973464012,0,0.07854200154542923,0.6788370013237,0.7300770282745361,0,-0.001532000140286982,-0.7322559952735901,0.6810280084609985,0,0,0.22697299718856812,0,1,0.9917060136795044,-0.1285250037908554,-0.0010359999723732471,0,0.12852799892425537,0.9916999936103821,0.003333000000566244,0,0.0005990000208839774,-0.003438000101596117,0.9999939799308777,0,0,0.6160339713096619,0,1,-0.9614239931106567,-0.15942899882793427,0.22415800392627716,0,0.18635599315166473,-0.9769120216369629,0.10447300225496292,0,0.2023259997367859,0.14221599698066711,0.9689369797706604,0,0.18921500444412231,-0.10932400077581406,-0.002968000015243888,1,0.9962419867515564,0.025234999135136604,0.08285000175237656,0,-0.006723000202327967,0.9762549996376038,-0.21651799976825714,0,-0.08634699881076813,0.21514800190925598,0.9727569818496704,0,0,0.6271359920501709,0,1,0.9788609743118286,-0.09052599966526031,0.1834000051021576,0,-0.10819900035858154,0.5317479968070984,0.8399630188941956,0,-0.1735610067844391,-0.8420510292053223,0.5107129812240601,0,0,0.5575649738311768,0,1,0.9997770190238953,-0.0023849999997764826,0.02098499983549118,0,-0.010689999908208847,0.7997819781303406,0.6001949906349182,0,-0.01821500062942505,-0.600284993648529,0.7995780110359192,0,0,0.3533110022544861,0,1,-0.9776210188865662,0.14086300134658813,-0.1562509983778,0,-0.1618179976940155,-0.9781339764595032,0.13064800202846527,0,-0.13443100452423096,0.15300799906253815,0.9790390133857727,0,-0.18921500444412231,-0.10932400077581406,0.00007899999764049426,1,0.9992949962615967,-0.028030000627040863,0.024971000850200653,0,0.031676001846790314,0.9865779876708984,-0.16018900275230408,0,-0.020145999267697334,0.16086700558662415,0.9867709875106812,0,0,0.6272590160369873,0,1,0.9797940254211426,0.09095700085163116,-0.17812900245189667,0,0.09549599885940552,0.5697929859161377,0.8162209987640381,0,0.17573699355125427,-0.816739022731781,0.549593985080719,0,0,0.5584380030632019,0,1,0.9997100234031677,0,-0.024078000336885452,0,0.01451599970459938,0.7978370189666748,0.6026989817619324,0,0.019210999831557274,-0.6028739809989929,0.7976049780845642,0,0,0.3551889955997467,0,1
K0.133,0.9978020191192627,-0.006981000769883394,0.06588999927043915,0,0.0026050007436424494,0.9977980256080627,0.06627500057220459,0,-0.06620799750089645,-0.06595700234174728,0.995622992515564,0,0.000029999808248248883,1.490887999534607,0.004473001230508089,1,0.999983012676239,-0.0005350002320483327,-0.005876000039279461,0,0.00043200026266276836,0.9998480081558228,-0.01745700091123581,0,0.005884000100195408,0.017454000189900398,0.9998300075531006,0,0,0.19666999578475952,-0.004044000059366226,1,0.9999390244483948,-0.0029780010227113962,-0.010652999393641949,0,0.0030780008528381586,0.9999510049819946,0.009386001154780388,0,0.010624999180436134,-0.009418000467121601,0.9998990297317505,0,0,0.2294970005750656,0,1,0.9999380111694336,-0.0028589998837560415,-0.010752999223768711,0,0.002959999954327941,0.9999520182609558,0.00932300090789795,0,0.010725999251008034,-0.0093540009111166,0.9998990297317505,0,0,0.26228201389312744,0,1,0.9986129999160767,0.05020499601960182,0.015869000926613808,0,-0.04609699547290802,0.9792569875717163,-0.19731000065803528,0,-0.025445999577641487,0.19630399346351624,0.9802129864692688,0,0,0.29506799578666687,0,1,0.9974070191383362,-0.035422004759311676,-0.06265299022197723,0,0.045917004346847534,0.9835090041160583,0.17493599653244019,0,0.05542299523949623,-0.17735899984836578,0.9825839996337891,0,0,0.3114889860153198,-0.002174000022932887,1,0.17969399690628052,0.029781000688672066,-0.9832720160484314,0,0.8599299788475037,-0.49017301201820374,0.14230699837207794,0,-0.4777350127696991,-0.8711159825325012,-0.11369100213050842,0,0.10776299983263016,0.25653600692749023,-0.0015020000282675028,1,0.964477002620697,0.21195299923419952,-0.15767300128936768,0,-0.034133996814489365,0.6918540000915527,0.7212309837341309,0,0.26195400953292847,-0.6902279853820801,0.6745110154151917,0,0,0.22697299718856812,0,1,0.9750400185585022,0.2220260053873062,0.0011859999503940344,0,-0.2220280021429062,0.9750109910964966,0.007602000143378973,0,0.0005309999687597156,-0.007675999775528908,0.999970018863678,0,0,0.6162840127944946,0,1,0.25223198533058167,-0.03505900129675865,0.9670310020446777,0,-0.8343129754066467,-0.5141310095787048,0.19897599518299103,0,0.49020498991012573,-0.8569949865341187,-0.1589300036430359,0,-0.10776299983263016,0.2565059959888458,-0.00008399999933317304,1,0.9970369935035706,-0.05585400015115738,-0.052887000143527985,0,0.07677000015974045,0.6795949935913086,0.7295600175857544,0,-0.0048070005141198635,-0.7314580082893372,0.6818689703941345,0,0,0.22697299718856812,0,1,0.9914969801902771,-0.13012799620628357,-0.001041000010445714,0,0.13013100624084473,0.9914910197257996,0.003375000087544322,0,0.0005929999751970172,-0.003481999970972538,0.9999939799308777,0,0,0.6160339713096619,0,1,-0.9614260196685791,-0.1594330072402954,0.22414599359035492,0,0.18606600165367126,-0.9771149754524231,0.1030770018696785,0,0.20258300006389618,0.14080700278282166,0.9690889716148376,0,0.18921500444412231,-0.10932400077581406,-0.002968000015243888,1,0.9961820244789124,0.025391001254320145,0.08352699875831604,0,-0.006764001678675413,0.9763439893722534,-0.21611900627613068,0,-0.08703900128602982,0.21472899615764618,0.9727879762649536,0,0,0.6271359920501709,0,1,0.978863000869751,-0.09051399677991867,0.18339799344539642,0,-0.10823500156402588,0.5315960049629211,0.8400539755821228,0,-0.17353099584579468,-0.8421480059623718,0.510562002658844,0,0,0.5575649738311768,0,1,0.9997730255126953,-0.0025729979388415813,0.02115199901163578,0,-0.010629001073539257,0.8001360297203064,0.5997239947319031,0,-0.018466996029019356,-0.5998129844665527,0.7999269962310791,0,0,0.3533110022544861,0,1,-0.977512001991272,0.14125199615955353,-0.1565829962491989,0,-0.16208000481128693,-0.9782639741897583,0.12934599816799164,0,-0.1349090039730072,0.1518159955739975,0.9791589975357056,0,-0.18921500444412231,-0.10932400077581406,0.00007899999764049426,1,0.9992769956588745,-0.027885999530553818,0.02584099769592285,0,0.031651999801397324,0.9867410063743591,-0.15918700397014618,0,-0.021058999001979828,0.15988999605178833,0.9869099855422974,0,0,0.6272590160369873,0,1,0.979777991771698,0.09103599935770035,-0.178180992603302,0,0.09543199837207794,0.5700820088386536,0.816025972366333,0,0.17586499452590942,-0.8165289759635925,0.5498660206794739,0,0,0.5584380030632019,0,1,0.9997100234031677,0,-0.02407900057733059,0,0.01451599970459938,0.7978370189666748,0.6026989817619324,0,0.019210999831557274,-0.6028730273246765,0.7976059913635254,0,0,0.3551889955997467,0,1
K0.167,0.9978160262107849,-0.007054999005049467,0.0656839981675148,0,0.0026829992420971394,0.9977890253067017,0.06641200184822083,0,-0.06600700318813324,-0.06609000265598297,0.9956279993057251,0,0.000011000190170307178,1.4908909797668457,0.004602998495101929,1,0.999983012676239,-0.0005599997821263969,-0.005874000024050474,0,0.00045799973304383457,0.9998480081558228,-0.01740800030529499,0,0.005882999859750271,0.01740499958395958,0.9998310208320618,0,0,0.19666999578475952,-0.004044000059366226,1,0.9999399781227112,-0.0030679991468787193,-0.010560001246631145,0,0.0031679989770054817,0.9999499917030334,0.00947399903088808,0,0.010531000792980194,-0.009506999514997005,0.9998990297317505,0,0,0.2294970005750656,0,1,0.9999390244483948,-0.0028649999294430017,-0.010661001317203045,0,0.002966000000014901,0.9999510049819946,0.009411999024450779,0,0.010634001344442368,-0.00944299902766943,0.9998990297317505,0,0,0.26228201389312744,0,1,0.9986240267753601,0.04996800422668457,0.015886999666690826,0,-0.045871004462242126,0.9793490171432495,-0.19690600037574768,0,-0.025397999212145805,0.19590699672698975,0.9802939891815186,0,0,0.29506799578666687,0,1,0.9974219799041748,-0.03577399626374245,-0.062199003994464874,0,0.04617699608206749,0.9835169911384583,0.17482200264930725,0,0.054920002818107605,-0.17724299430847168,0.9826340079307556,0,0,0.3114889860153198,-0.002174000022932887,1,0.17992199957370758,0.029743999242782593,-0.9832310080528259,0,0.8597049713134766,-0.4905169904232025,0.14247900247573853,0,-0.4780539870262146,-0.8709239959716797,-0.11382599920034409,0,0.10776299983263016,0.25653600692749023,-0.0015020000282675028,1,0.9646430015563965,0.2112559974193573,-0.15758800506591797,0,-0.033692002296447754,0.6918619871139526,0.7212439775466919,0,0.26139599084854126,-0.6904330253601074,0.6745169758796692,0,0,0.22697299718856812,0,1,0.9751369953155518,0.22159799933433533,0.001183000043965876,0,-0.2215999960899353,0.9751080274581909,0.007586999796330929,0,0.0005280000623315573,-0.007660000119358301,0.9999709725379944,0,0,0.6162840127944946,0,1,0.25203898549079895,-0.03512699902057648,0.9670789837837219,0,-0.8345710039138794,-0.5137630105018616,0.19884300231933594,0,0.4898650050163269,-0.8572120070457458,-0.1588049978017807,0,-0.10776299983263016,0.2565059959888458,-0.00008399999933317304,1,0.9970319867134094,-0.05592700093984604,-0.052900999784469604,0,0.07682900130748749,0.6794390082359314,0.7296990156173706,0,-0.004866999574005604,-0.7315980195999146,0.6817190051078796,0,0,0.22697299718856812,0,1,0.9914950132369995,-0.13014300167560577,-0.001041000010445714,0,0.13014599680900574,0.9914889931678772,0.003375000087544322,0,0.0005929999751970172,-0.003481999970972538,0.9999939799308777,0,0,0.6160339713096619,0,1,-0.9614650011062622,-0.15939700603485107,0.22400400042533875,0,0.1860789954662323,-0.9770770072937012,0.10341399908065796,0,0.20238499343395233,0.14111199975013733,0.9690859913825989,0,0.18921500444412231,-0.10932400077581406,-0.002968000015243888,1,0.9961879849433899,0.02558399736881256,0.08339399844408035,0,-0.006945997942239046,0.976252019405365,-0.21652700006961823,0,-0.08695299923419952,0.21512199938297272,0.972707986831665,0,0,0.6271359920501709,0,1,0.9788609743118286,-0.09054700285196304,0.18339000642299652,0,-0.1082570031285286,0.5313730239868164,0.8401920199394226,0,-0.17352500557899475,-0.8422849774360657,0.5103380084037781,0,0,0.5575649738311768,0,1,0.9997770190238953,-0.002360002137720585,0.020962001755833626,0,-0.01069799903780222,0.7997339963912964,0.600259006023407,0,-0.018181003630161285,-0.6003490090370178,0.7995309829711914,0,0,0.3533110022544861,0,1,-0.9775350093841553,0.14115899801254272,-0.15652400255203247,0,-0.16196300089359283,-0.978298008441925,0.12923599779605865,0,-0.13488399982452393,0.1516840010881424,0.9791820049285889,0,-0.18921500444412231,-0.10932400077581406,0.00007899999764049426,1,0.9992820024490356,-0.027868999168276787,0.025679001584649086,0,0.031605999916791916,0.9867740273475647,-0.15898999571800232,0,-0.020909002050757408,0.15968699753284454,0.9869459867477417,0,0,0.6272590160369873,0,1,0.9797829985618591,0.091000996530056,-0.17817099392414093,0,0.09544999897480011,0.570052981376648,0.8160449862480164,0,0.1758279949426651,-0.816552996635437,0.5498420000076294,0,0,0.5584380030632019,0,1,0.9997100234031677,0,-0.024078000336885452,0,0.01451599970459938,0.7978379726409912,0.602698028087616,0,0.019210999831557274,-0.6028720140457153,0.7976059913635254,0,0,0.3551889955997467,0,1
K0.200,0.9978349804878235,-0.007114000152796507,0.06537599861621857,0,0.002785000018775463,0.9978110194206238,0.0660649985074997,0,-0.06570299714803696,-0.06573999673128128,0.9956709742546082,0,0,1.490893006324768,0.004786000121384859,1,0.999983012676239,-0.0006820000126026571,-0.005754000041633844,0,0.0005810000002384186,0.9998490214347839,-0.01738700084388256,0,0.005764999892562628,0.017382999882102013,0.9998319745063782,0,0,0.19666999578475952,-0.004044000059366226,1,0.9999409914016724,-0.003091000020503998,-0.010459000244736671,0,0.003191000083461404,0.9999499917030334,0.009518999606370926,0,0.010428999550640583,-0.009550999850034714,0.9998999834060669,0,0,0.2294970005750656,0,1,0.9999399781227112,-0.0029899999499320984,-0.010533000342547894,0,0.003089000005275011,0.9999510049819946,0.009456000290811062,0,0.010503999888896942,-0.009487999603152275,0.9998999834060669,0,0,0.26228201389312744,0,1,0.9986330270767212,0.04979600012302399,0.01590000092983246,0,-0.04570699855685234,0.979416012763977,-0.19660800695419312,0,-0.025363000109791756,0.19561299681663513,0.9803529977798462,0,0,0.29506799578666687,0,1,0.9974380135536194,-0.035537999123334885,-0.062084998935461044,0,0.04593599960207939,0.9834889769554138,0.17503899335861206,0,0.05483900010585785,-0.17744199931621552,0.9826020002365112,0,0,0.3114889860153198,-0.002174000022932887,1,0.1807350069284439,0.029666999354958534,-0.9830840229988098,0,0.8594989776611328,-0.490666002035141,0.14320799708366394,0,-0.4781169891357422,-0.8708429932594299,-0.11417900025844574,0,0.10776299983263016,0.25653600692749023,-0.0015020000282675028,1,0.9648619890213013,0.21040800213813782,-0.15738099813461304,0,-0.03320400044322014,0.691798985004425,0.721327006816864,0,0.2606489956378937,-0.6907550096511841,0.6744769811630249,0,0,0.22697299718856812,0,1,0.9752579927444458,0.22106799483299255,0.0011780000058934093,0,-0.2210710048675537,0.9752280116081238,0.0075690001249313354,0,0.0005239999736659229,-0.0076430002227425575,0.9999709725379944,0,0,0.6162840127944946,0,1,0.25188401341438293,-0.03516700118780136,0.9671180248260498,0,-0.83468097448349,-0.513634979724884,0.1987130045890808,0,0.4897580146789551,-0.8572880029678345,-0.15873000025749207,0,-0.10776299983263016,0.2565059959888458,-0.00008399999933317304,1,0.9969130158424377,-0.055500999093055725,-0.05553099885582924,0,0.07846199721097946,0.6791080236434937,0.7298330068588257,0,-0.002794000320136547,-0.7319369912147522,0.6813660264015198,0,0,0.22697299718856812,0,1,0.9916020035743713,-0.12932300567626953,-0.0010379999876022339,0,0.1293260008096695,0.9915969967842102,0.0033539999276399612,0,0.0005959999980404973,-0.0034600000362843275,0.9999939799308777,0,0,0.6160339713096619,0,1,-0.9613670110702515,-0.15960100293159485,0.22427700459957123,0,0.18629199266433716,-0.977055013179779,0.10324499756097794,0,0.20265300571918488,0.1410370022058487,0.9690409898757935,0,0.18921500444412231,-0.10932400077581406,-0.002968000015243888,1,0.996258020401001,0.025310000404715538,0.08264300227165222,0,-0.006787000223994255,0.9761210083961487,-0.2171200066804886,0,-0.08616500347852707,0.21574600040912628,0.9726399779319763,0,0,0.6271359920501709,0,1,0.9788830280303955,-0.0902860015630722,0.18340499699115753,0,-0.1084970012307167,0.5309270024299622,0.8404430150985718,0,-0.17325499653816223,-0.8425940275192261,0.5099200010299683,0,0,0.5575649738311768,0,1,0.9997770190238953,-0.0023739999160170555,0.02097499929368496,0,-0.010692999698221684,0.7997620105743408,0.6002219915390015,0,-0.018200000748038292,-0.6003119945526123,0.7995579838752747,0,0,0.3533110022544861,0,1,-0.97747802734375,0.14126700162887573,-0.15678399801254272,0,-0.16200900077819824,-0.9783869981765747,0.12849700450897217,0,-0.1352429986000061,0.15100300312042236,0.979237973690033,0,-0.18921500444412231,-0.10932400077581406,0.00007899999764049426,1,0.9992809891700745,-0.02764200046658516,0.025969000533223152,0,0.03142099827528,0.9868329763412476,-0.15866400301456451,0,-0.021240999922156334,0.1593649983406067,0.9869909882545471,0,0,0.6272590160369873,0,1,0.9797850251197815,0.09093499928712845,-0.17819300293922424,0,0.09551600366830826,0.5700010061264038,0.8160730004310608,0,0.17577999830245972,-0.8165959715843201,0.549793004989624,0,0,0.5584380030632019,0,1,0.9997100234031677,0,-0.024078000336885452,0,0.01451599970459938,0.7978370189666748,0.602698028087616,0,0.019210999831557274,-0.6028730273246765,0.7976059913635254,0,0,0.3551889955997467,0,1
