5.433,30,162,25
B0,mixamorig_Hips,-1,0.9770869016647339,-0.12912802398204803,-0.16910825669765472,0,0.11760438233613968,0.9900466799736023,-0.0764821395277977,0,0.17725472152233124,0.05484988912940025,0.9825852513313293,0,-0.20074591040611267,1.2192952632904053,-0.29464948177337646,1
B1,mixamorig_Spine,0,0.9905782341957092,0.13597530126571655,0.01627103053033352,0,-0.13684967160224915,0.987302303314209,0.08062022924423218,0,-0.00510399229824543,-0.08208779990673065,0.9966088533401489,0,0,0.19666999578475952,-0.004044000059366226,1
B2,mixamorig_Spine1,1,0.9948569536209106,0.09779267758131027,0.026086119934916496,0,-0.10106965154409409,0.9730884432792664,0.20699109137058258,0,-0.005158937536180019,-0.20857392251491547,0.97797691822052,0,0,0.2294970005750656,0,1
B3,mixamorig_Spine2,2,0.9949910640716553,0.09739106148481369,0.022144386544823647,0,-0.09985583275556564,0.9730443954467773,0.20778070390224457,0,-0.0013292895164340734,-0.20896334946155548,0.9779064655303955,0,0,0.26228201389312744,0,1
B4,mixamorig_Neck,3,0.9964714050292969,-0.01824486069381237,-0.08159990608692169,0,0.025971967726945877,0.9951937198638916,0.09437331557273865,0,0.07948677241802216,-0.0961574912071228,0.9921558499336243,0,0,0.29506799578666687,0,1
B5,mixamorig_Head,4,0.9047757983207703,-0.15162214636802673,-0.3958602547645569,0,0.10376609861850739,0.9847493767738342,-0.13911177217960358,0,0.410976767539978,0.0844506025314331,0.906792163848877,0,0,0.3114889860153198,-0.002174000022932887,1
B6,mixamorig_HeadTop_End,5,1,0,0,0,0,1,0,0,0,0,1,0,0,0.9714379906654358,-0.006781000178307295,1
B7,mixamorig_LeftShoulder,3,-0.06571076065301895,0.006148286163806915,-0.9978200197219849,0,0.9193882346153259,-0.38827523589134216,-0.06293798238039017,0,-0.387814998626709,-0.9215189814567566,0.019861333072185516,0,0.10776299983263016,0.25653600692749023,-0.0015020000282675028,1
B8,mixamorig_LeftArm,7,0.9178841710090637,-0.16671128571033478,0.35613831877708435,0,0.18621452152729034,0.9818799495697021,-0.01563584804534912,0,-0.3469282388687134,0.08086162805557251,0.9323533773422241,0,0,0.22697299718856812,0,1
B9,mixamorig_LeftForeArm,8,-0.20924724638462067,0.9763798713684082,0.041738394647836685,0,-0.9763908982276917,-0.2106785625219345,0.03343435004353523,0,0.04147745668888092,-0.03375744819641113,0.9985681176185608,0,0,0.6162840127944946,0,1
B10,mixamorig_LeftHand,9,1,0,0,0,0,1,0,0,0,0,1,0,0,0.43313300609588623,0,1
B11,mixamorig_RightShoulder,3,-0.21744690835475922,0.004863412585109472,0.9760571718215942,0,-0.8431152105331421,-0.5047891736030579,-0.18531270325183868,0,0.4918004274368286,-0.8632282614707947,0.11386676132678986,0,-0.10776299983263016,0.2565059959888458,-0.00008399999933317304,1
B12,mixamorig_RightArm,11,0.876245379447937,-0.04135257750749588,0.47804203629493713,0,-0.13761362433433533,0.9323965907096863,0.33267804980278015,0,-0.45971599221229553,-0.35857370495796204,0.8118667006492615,0,0,0.22697299718856812,0,1
B13,mixamorig_RightForeArm,12,-0.33780550956726074,-0.9405378699302673,-0.03551648557186127,0,0.9405580759048462,-0.33873385190963745,0.024393964558839798,0,-0.034974247217178345,-0.02516530640423298,0.9990717172622681,0,0,0.6160339713096619,0,1
B14,mixamorig_RightHand,13,1,0,0,0,0,1,0,0,0,0,1,0,0,0.4333229959011078,0,1
B15,mixamorig_LeftUpLeg,0,-0.8189772367477417,-0.4845482110977173,0.3069603741168976,0,0.547950267791748,-0.5026297569274902,0.6682707667350769,0,-0.16981835663318634,0.7155808210372925,0.6773481965065002,0,0.18921500444412231,-0.10932400077581406,-0.002968000015243888,1
B16,mixamorig_LeftLeg,15,0.9823218584060669,-0.11190792918205261,-0.14996647834777832,0,-0.13414709270000458,0.13748203217983246,-0.9813669323921204,0,0.13043370842933655,0.9841494560241699,0.12005665898323059,0,0,0.6271359920501709,0,1
B17,mixamorig_LeftFoot,16,0.9637273550033569,-0.22668558359146118,-0.14000345766544342,0,0.23856739699840546,0.4987877309322357,0.8329887986183167,0,-0.1192016750574112,-0.8362693786621094,0.534750759601593,0,0,0.5575649738311768,0,1
B18,mixamorig_LeftToeBase,17,0.9956996440887451,-0.018185919150710106,0.09074569493532181,0,-0.07210201025009155,0.4626188278198242,0.8836018443107605,0,-0.05804668739438057,-0.8863468170166016,0.4593171775341034,0,0,0.3533110022544861,0,1
B19,mixamorig_LeftToe_End,18,1,0,0,0,0,1,0,0,0,0,1,0,0,0.13574400544166565,0,1
B20,mixamorig_RightUpLeg,0,-0.9926725029945374,0.006182186305522919,-0.12026402354240417,0,-0.058888986706733704,-0.8964022994041443,0.43911856412887573,0,-0.10515286773443222,0.44295576214790344,0.8902298212051392,0,-0.18921500444412231,-0.10932400077581406,0.00007899999764049426,1
B21,mixamorig_RightLeg,20,0.9993831515312195,-0.020831966772675514,-0.02480996772646904,0,-0.019600655883550644,0.21985261142253876,-0.9752640128135681,0,0.02573418617248535,0.9752545952796936,0.21942020952701569,0,0,0.6272590160369873,0,1
B22,mixamorig_RightFoot,21,0.9733547568321228,0.18074625730514526,-0.14018188416957855,0,0.16377733647823334,-0.12320888787508011,0.9787557721138,0,0.15963247418403625,-0.9756656289100647,-0.14946232736110687,0,0,0.5584380030632019,0,1
B23,mixamorig_RightToeBase,22,0.9997100234031677,0,-0.02407878078520298,0,0.01451599970459938,0.797836422920227,0.6026987433433533,0,0.019210999831557274,-0.6028735637664795,0.7976052165031433,0,0,0.3551889955997467,0,1
B24,mixamorig_RightToe_End,23,1,0,0,0,0,1,0,0,0,0,1,0,0,0.13565100729465485,0,1
@20,0,1,2,3,4,5,7,8,9,11,12,13,15,16,17,18,20,21,22,23
K0.000,0.945930004119873,-0.0440250001847744,0.321370005607605,0,0.05970799922943115,0.9974499940872192,-0.03910500183701515,0,-0.3188289999961853,0.056178998202085495,0.9461460113525391,0,-0.06864999979734421,1.2288719415664673,-0.27338600158691406,1,0.9999629855155945,0.00072900002123788,0.008600999601185322,0,-0.0013180000241845846,0.9976369738578796,0.06869900226593018,0,-0.008531000465154648,-0.06870800256729126,0.9976000189781189,0,0,0.19666999578475952,-0.004044000059366226,1,0.9997580051422119,0.015614000149071217,0.015519999898970127,0,-0.018129000440239906,0.9838560223579407,0.17803899943828583,0,-0.012489000335335732,-0.17827799916267395,0.9839010238647461,0,0,0.2294970005750656,0,1,0.9997869729995728,0.013042000122368336,0.016015000641345978,0,-0.01568800024688244,0.9838820099830627,0.17812800407409668,0,-0.013434000313282013,-0.17834100127220154,0.9838770031929016,0,0,0.26228201389312744,0,1,0.9994419813156128,0.002575000049546361,0.0333079993724823,0,-0.006916999816894531,0.9913709759712219,0.13089999556541443,0,-0.03268299996852875,-0.1310569941997528,0.9908360242843628,0,0,0.29506799578666687,0,1,0.9834870100021362,0.04401199892163277,0.17554399371147156,0,-0.039096999913454056,0.9987429976463318,-0.0313589982688427,0,-0.17670400440692902,0.02397800050675869,0.9839720129966736,0,0,0.3114889860153198,-0.002174000022932887,1,-0.030820000916719437,0.008326999843120575,-0.9994900226593018,0,0.9224259853363037,-0.38487499952316284,-0.03164999932050705,0,-0.3849419951438904,-0.9229310154914856,0.00418000016361475,0,0.10776299983263016,0.25653600692749023,-0.0015020000282675028,1,0.9903870224952698,-0.12467999756336212,-0.059911999851465225,0,0.1375489979982376,0.9335359930992126,0.3310439884662628,0,0.01465499959886074,-0.3361020088195801,0.9417120218276978,0,0,0.22697299718856812,0,1,-0.41795700788497925,0.9071509838104248,0.04888499900698662,0,-0.9071609973907471,-0.41963499784469604,0.031063999980688095,0,0.04869399964809418,-0.031362999230623245,0.998320996761322,0,0,0.6162840127944946,0,1,-0.13077400624752045,-0.003217000048607588,0.9914069771766663,0,-0.8756589889526367,-0.46853700280189514,-0.11702600121498108,0,0.46488699316978455,-0.883437991142273,0.058455001562833786,0,-0.10776299983263016,0.2565059959888458,-0.00008399999933317304,1,0.989657998085022,-0.1240679994225502,-0.07199700176715851,0,0.13629700243473053,0.9697800278663635,0.20235900580883026,0,0.044714998453855515,-0.21007899940013885,0.9766610264778137,0,0,0.22697299718856812,0,1,-0.04851299896836281,-0.9984300136566162,-0.02801400050520897,0,0.9984509944915771,-0.049240998923778534,0.025894999504089355,0,-0.027233999222517014,-0.02671400085091591,0.9992719888687134,0,0,0.6160339713096619,0,1,-0.90972900390625,-0.37364399433135986,0.1810619980096817,0,0.41242799162864685,-0.8635339736938477,0.29019400477409363,0,0.04792400076985359,0.3386729955673218,0.9396830201148987,0,0.18921500444412231,-0.10932400077581406,-0.002968000015243888,1,0.9961090087890625,0.031150000169873238,-0.08244699984788895,0,-0.08812300115823746,0.33626899123191833,-0.9376339912414551,0,-0.0014830000000074506,0.9412509799003601,0.33770498633384705,0,0,0.6271359920501709,0,1,0.9003679752349854,-0.4300769865512848,0.06610599905252457,0,-0.1007390022277832,-0.05823500081896782,0.9932069778442383,0,-0.4233059883117676,-0.9009119868278503,-0.09575799852609634,0,0,0.5575649738311768,0,1,0.9997699856758118,-0.0005050000036135316,0.021443000063300133,0,-0.012814000248908997,0.7876420021057129,0.6159999966621399,0,-0.017201000824570656,-0.6161329746246338,0.7874550223350525,0,0,0.3533110022544861,0,1,-0.9892650246620178,0.14592500030994415,-0.007763000205159187,0,-0.1221499964594841,-0.7965930104255676,0.5920469760894775,0,0.08021000027656555,0.5866400003433228,0.805866003036499,0,-0.18921500444412231,-0.10932400077581406,0.00007899999764049426,1,0.9829720258712769,0.08202999830245972,0.1644269973039627,0,0.13992799818515778,0.24584099650382996,-0.9591569900512695,0,-0.11910299956798553,0.9658330082893372,0.23017600178718567,0,0,0.6272590160369873,0,1,0.9927530288696289,0.0651089996099472,0.10100500285625458,0,-0.10130000114440918,0.0012240000069141388,0.9948549866676331,0,0.06464999914169312,-0.9978770017623901,0.007811000104993582,0,0,0.5584380030632019,0,1,0.9988099932670593,0.006407999899238348,-0.048340000212192535,0,0.029051000252366066,0.7180070281028748,0.6954290270805359,0,0.03916500136256218,-0.6960060000419617,0.716966986656189,0,0,0.3551889955997467,0,1
K0.033,0.9622271060943604,-0.07082328200340271,0.26287642121315,0,0.07731421291828156,0.9969019889831543,-0.014418748207390308,0,-0.26104041934013367,0.03419875726103783,0.9647220969200134,0,-0.07969515025615692,1.2378791570663452,-0.27300500869750977,1,0.9992949962615967,0.025777267292141914,0.027281181886792183,0,-0.02749127708375454,0.9975450038909912,0.06441394984722137,0,-0.025554167106747627,-0.0651179626584053,0.9975500106811523,0,0,0.19666999578475952,-0.004044000059366226,1,0.9979119300842285,0.035888224840164185,0.05370037630200386,0,-0.04452727735042572,0.9845280051231384,0.16947788000106812,0,-0.04678734019398689,-0.17151492834091187,0.9840700030326843,0,0,0.2294970005750656,0,1,0.997982919216156,0.03401122987270355,0.053605373948812485,0,-0.04267028346657753,0.9845669865608215,0.16972489655017853,0,-0.04700533673167229,-0.17166993021965027,0.9840319752693176,0,0,0.26228201389312744,0,1,0.9996629953384399,0.00501500116661191,0.02546490915119648,0,-0.008304989896714687,0.9913740158081055,0.13079899549484253,0,-0.02458891086280346,-0.13096700608730316,0.9910820126533508,0,0,0.29506799578666687,0,1,0.9918880462646484,0.02039576880633831,0.1254664808511734,0,-0.017114780843257904,0.9994840025901794,-0.02716701291501522,0,-0.1259554624557495,0.024799039587378502,0.9917260408401489,0,0,0.3114889860153198,-0.002174000022932887,1,-0.015363870188593864,0.00940700899809599,-0.9998379945755005,0,0.9285940527915955,-0.3706728518009186,-0.017756883054971695,0,-0.3707798421382904,-0.9287160634994507,-0.0030400578398257494,0,0.10776299983263016,0.25653600692749023,-0.0015020000282675028,1,0.9944698810577393,-0.08283154666423798,0.06457114964723587,0,0.0629604160785675,0.9622642397880554,0.26473113894462585,0,-0.08406198769807816,-0.25920116901397705,0.9621580839157104,0,0,0.22697299718856812,0,1,-0.3629462718963623,0.9306232333183289,0.047001972794532776,0,-0.9306342601776123,-0.3645602762699127,0.03186800703406334,0,0.04679197445511818,-0.032175008207559586,0.998386025428772,0,0,0.6162840127944946,0,1,-0.145884171128273,-0.0019369845977053046,0.989300012588501,0,-0.8705939650535583,-0.4747050702571869,-0.12930913269519806,0,0.4698760509490967,-0.8801429271697998,0.06756510585546494,0,-0.10776299983263016,0.2565059959888458,-0.00008399999933317304,1,0.9949688911437988,-0.08616764098405838,0.0511043556034565,0,0.06947917491197586,0.9610088467597961,0.26764658093452454,0,-0.07217420637607574,-0.2627495527267456,0.9621606469154358,0,0,0.22697299718856812,0,1,-0.13363774120807648,-0.9905688762664795,-0.030221018940210342,0,0.9905908703804016,-0.13442474603652954,0.025690997019410133,0,-0.029511019587516785,-0.026503996923565865,0.9992129802703857,0,0,0.6160339713096619,0,1,-0.9026609063148499,-0.39603230357170105,0.16840891540050507,0,0.430317223072052,-0.8356266617774963,0.34140053391456604,0,0.005521546583622694,0.38063845038414,0.92470782995224,0,0.18921500444412231,-0.10932400077581406,-0.002968000015243888,1,0.9934679269790649,0.02352585643529892,-0.11166227608919144,0,-0.11282720416784286,0.3490141034126282,-0.9302999377250671,0,0.017086243256926537,0.9368219375610352,0.34938904643058777,0,0,0.6271359920501709,0,1,0.9093431234359741,-0.4109797775745392,0.06474102288484573,0,-0.08803592622280121,-0.03798879683017731,0.9953929781913757,0,-0.40662679076194763,-0.9108531475067139,-0.07072576880455017,0,0,0.5575649738311768,0,1,0.9997360110282898,-0.0008250054088421166,0.0229630246758461,0,-0.013639014214277267,0.7829619646072388,0.621920108795166,0,-0.018492020666599274,-0.6220691204071045,0.7827439308166504,0,0,0.3533110022544861,0,1,-0.992808997631073,0.11671566218137741,-0.026592213660478592,0,-0.11060985177755356,-0.8094971179962158,0.5766108632087708,0,0.045773621648550034,0.5754059553146362,0.8165860772132874,0,-0.18921500444412231,-0.10932400077581406,0.00007899999764049426,1,0.9843029975891113,0.08962613344192505,0.15203680098056793,0,0.123516745865345,0.26549720764160156,-0.9561669826507568,0,-0.12606310844421387,0.9599369168281555,0.2502592206001282,0,0,0.6272590160369873,0,1,0.9957820177078247,0.08116412907838821,0.042779341340065,0,-0.04340334236621857,0.0059399972669780254,0.9990400075912476,0,0.08083212375640869,-0.9966830015182495,0.009437940083444118,0,0,0.5584380030632019,0,1,0.9987159967422485,0.007020996883511543,-0.05016099289059639,0,0.030261995270848274,0.7114360332489014,0.7020989656448364,0,0.0406159907579422,-0.7027159333229065,0.7103100419044495,0,0,0.3551889955997467,0,1
K0.067,0.973663866519928,-0.0988297238945961,0.205453559756279,0,0.09874478727579117,0.9950550198554993,0.010692750103771687,0,-0.20549455285072327,0.009876241907477379,0.9786089062690735,0,-0.09457985311746597,1.244270920753479,-0.27379900217056274,1,0.9975860118865967,0.052493736147880554,0.04546881839632988,0,-0.055140722543001175,0.9967300295829773,0.05906505137681961,0,-0.04221983626484871,-0.061429038643836975,0.9972180128097534,0,0,0.19666999578475952,-0.004044000059366226,1,0.9941140413284302,0.058145780116319656,0.0914166271686554,0,-0.07215072214603424,0.9847599864006042,0.1582491099834442,0,-0.08082166314125061,-0.16391406953334808,0.9831579923629761,0,0,0.2294970005750656,0,1,0.9942430853843689,0.05694577097892761,0.09075862914323807,0,-0.07089471817016602,0.9847689867019653,0.15875910222530365,0,-0.08033566921949387,-0.16428007185459137,0.9831370115280151,0,0,0.26228201389312744,0,1,0.9998520016670227,0.0051449984312057495,0.016414089128375053,0,-0.007247010711580515,0.9913970232009888,0.13069100677967072,0,-0.015600088983774185,-0.13078999519348145,0.9912869930267334,0,0,0.29506799578666687,0,1,0.9973329305648804,-0.002681770594790578,0.07294052094221115,0,0.004771782550960779,0.9995819926261902,-0.028496986255049706,0,-0.07283353060483932,0.028768960386514664,0.9969289302825928,0,0,0.3114889860153198,-0.002174000022932887,1,-0.0024521283339709044,0.010369990952312946,-0.9999430179595947,0,0.9343289136886597,-0.35636213421821594,-0.005987117066979408,0,-0.3564041554927826,-0.9342899322509766,-0.008814942091703415,0,0.10776299983263016,0.25653600692749023,-0.0015020000282675028,1,0.9830511212348938,-0.03750045225024223,0.17945484817028046,0,0.004944576416164637,0.9839227795600891,0.17852386832237244,0,-0.18326401710510254,-0.17461083829402924,0.9674319624900818,0,0,0.22697299718856812,0,1,-0.2916337251663208,0.9554917812347412,0.0445600263774395,0,-0.9555027484893799,-0.2931627035140991,0.03271899372339249,0,0.04432602599263191,-0.03303499147295952,0.9984710216522217,0,0,0.6162840127944946,0,1,-0.16276884078979492,-0.0004040152416564524,0.9866639971733093,0,-0.8647540807723999,-0.4814479351043701,-0.14285486936569214,0,0.47508594393730164,-0.8764740824699402,0.07801489531993866,0,-0.10776299983263016,0.2565059959888458,-0.00008399999933317304,1,0.9811521172523499,-0.05056535452604294,0.18650466203689575,0,-0.012899181805551052,0.945864200592041,0.3243044316768646,0,-0.19280681014060974,-0.32059842348098755,0.9273843765258789,0,0,0.22697299718856812,0,1,-0.2080012559890747,-0.97760009765625,-0.03214998170733452,0,0.9776211380958557,-0.20883925259113312,0.025355003774166107,0,-0.031500980257987976,-0.02615700289607048,0.9991610050201416,0,0,0.6160339713096619,0,1,-0.8911750912666321,-0.4244687259197235,0.16010108590126038,0,0.45190778374671936,-0.7996403574943542,0.3954174518585205,0,-0.03981954976916313,0.42473655939102173,0.9044411778450012,0,0.18921500444412231,-0.10932400077581406,-0.002968000015243888,1,0.9902340769767761,0.009109143167734146,-0.13911473751068115,0,-0.13312079012393951,0.35816991329193115,-0.9241170883178711,0,0.041408758610486984,0.933612048625946,0.35588493943214417,0,0,0.6271359920501709,0,1,0.9185468554496765,-0.38955020904541016,0.06725198030471802,0,-0.08042707294225693,-0.017590202391147614,0.9966049790382385,0,-0.387044221162796,-0.9208378791809082,-0.047487229108810425,0,0,0.5575649738311768,0,1,0.999675989151001,-0.0013679947005584836,0.025425976142287254,0,-0.014999985694885254,0.7752650380134583,0.6314578652381897,0,-0.020575979724526405,-0.6316348910331726,0.7749930620193481,0,0,0.3533110022544861,0,1,-0.9953619837760925,0.08335933089256287,-0.04801378771662712,0,-0.0958811491727829,-0.8191989064216614,0.5654371380805969,0,0.007801377214491367,0.5674190521240234,0.823392927646637,0,-0.18921500444412231,-0.10932400077581406,0.00007899999764049426,1,0.9858199954032898,0.10296886414289474,0.1325031965970993,0,0.09836925566196442,0.28511878848075867,-0.9534310102462769,0,-0.135952889919281,0.9529450535774231,0.27094680070877075,0,0,0.6272590160369873,0,1,0.9953309893608093,0.09373387694358826,-0.023033346980810165,0,0.02260434441268444,0.005640002898871899,0.9997289776802063,0,0.09383887052536011,-0.9955809712409973,0.00349505920894444,0,0,0.5584380030632019,0,1,0.9987639784812927,0.006708003114908934,-0.04923900589346886,0,0.02964700572192669,0.714773952960968,0.6987270712852478,0,0.039882007986307144,-0.6993240714073181,0.7136919498443604,0,0,0.3551889955997467,0,1
K0.100,0.9794059991836548,-0.1293099969625473,0.15505999326705933,0,0.1245959997177124,0.9914100170135498,0.039785001426935196,0,-0.15887300670146942,-0.019645998254418373,0.9871039986610413,0,-0.11781899631023407,1.243960976600647,-0.2753069996833801,1,0.9946810007095337,0.08194400370121002,0.06241000071167946,0,-0.0852620005607605,0.9949749708175659,0.05249499902129173,0,-0.057794999331235886,-0.05753700062632561,0.9966689944267273,0,0,0.19666999578475952,-0.004044000059366226,1,0.9883000254631042,0.08344700187444687,0.1276710033416748,0,-0.10165899991989136,0.9844120144844055,0.14352500438690186,0,-0.11370400339365005,-0.15482500195503235,0.9813770055770874,0,0,0.2294970005750656,0,1,0.9884920120239258,0.08286400139331818,0.12655499577522278,0,-0.10102400183677673,0.9843249917030334,0.14456599950790405,0,-0.11259199678897858,-0.15568700432777405,0.9813690185546875,0,0,0.26228201389312744,0,1,0.999987006187439,0.0010980002116411924,0.004892000462859869,0,-0.0017240002052858472,0.9915450215339661,0.12974999845027924,0,-0.004708000458776951,-0.12975700199604034,0.9915350079536438,0,0,0.29506799578666687,0,1,0.9996039867401123,-0.02319899946451187,0.015949001535773277,0,0.02381500042974949,0.9989320039749146,-0.03959999978542328,0,-0.015014003030955791,0.03996400162577629,0.9990879893302917,0,0,0.3114889860153198,-0.002174000022932887,1,0.004407999571412802,0.010263999924063683,-0.9999380111694336,0,0.9396330118179321,-0.34218499064445496,0.0006289997254498303,0,-0.3421570062637329,-0.9395769834518433,-0.01115300040692091,0,0.10776299983263016,0.25653600692749023,-0.0015020000282675028,1,0.9583439826965332,-0.00426400126889348,0.2855849862098694,0,-0.017698997631669044,0.9970800280570984,0.07428000867366791,0,-0.28506800532341003,-0.07624001055955887,0.9554700255393982,0,0,0.22697299718856812,0,1,-0.18321500718593597,0.9822239875793457,0.04084699973464012,0,-0.9822350144386292,-0.18461599946022034,0.0336339995265007,0,0.040578000247478485,-0.033959001302719116,0.9985989928245544,0,0,0.6162840127944946,0,1,-0.18416400253772736,0.0018549999222159386,0.9828940033912659,0,-0.857155978679657,-0.4896790087223053,-0.15967999398708344,0,0.481005996465683,-0.8719009757041931,0.09177099913358688,0,-0.10776299983263016,0.2565059959888458,-0.00008399999933317304,1,0.93995201587677,-0.012367001734673977,0.34108200669288635,0,-0.1225689947605133,0.9204490184783936,0.3711479902267456,0,-0.31853801012039185,-0.39066699147224426,0.8636620044708252,0,0,0.22697299718856812,0,1,-0.2606379985809326,-0.9648550152778625,-0.033514998853206635,0,0.9648759961128235,-0.26151299476623535,0.02502400055527687,0,-0.03290899842977524,-0.025815000757575035,0.9991250038146973,0,0,0.6160339713096619,0,1,-0.8716189861297607,-0.4634590148925781,0.15964199602603912,0,0.48140600323677063,-0.7479860186576843,0.4569079875946045,0,-0.09234800189733505,0.4751029908657074,0.8750709891319275,0,0.18921500444412231,-0.10932400077581406,-0.002968000015243888,1,0.9865220189094543,-0.018178997561335564,-0.16261500120162964,0,-0.14552700519561768,0.35686901211738586,-0.9227489829063416,0,0.07480700314044952,0.9339770078659058,0.34941399097442627,0,0,0.6271359920501709,0,1,0.926393985748291,-0.36910998821258545,0.07451300323009491,0,-0.08000499755144119,0.0004289991920813918,0.9967939853668213,0,-0.36795899271965027,-0.9293860197067261,-0.02913299947977066,0,0,0.5575649738311768,0,1,0.9995800256729126,-0.0021879998967051506,0.028893999755382538,0,-0.016964999958872795,0.7641940116882324,0.6447640061378479,0,-0.02349199913442135,-0.6449829936027527,0.7638360261917114,0,0,0.3533110022544861,0,1,-0.9968559741973877,0.038496002554893494,-0.0692560002207756,0,-0.0707940012216568,-0.825285017490387,0.5602610111236572,0,-0.03558799624443054,0.563401997089386,0.8254160284996033,0,-0.18921500444412231,-0.10932400077581406,0.00007899999764049426,1,0.9866759777069092,0.12791800498962402,0.10053600370883942,0,0.05779699981212616,0.30204400420188904,-0.9515399932861328,0,-0.15208500623703003,0.9446730017662048,0.29062700271606445,0,0,0.6272590160369873,0,1,0.988968014717102,0.09970500320196152,-0.10954999178647995,0,0.11206699162721634,-0.019991997629404068,0.9934999942779541,0,0.09686700254678726,-0.99481600522995,-0.03094499744474888,0,0,0.5584380030632019,0,1,0.999081015586853,0.004602000117301941,-0.04260500147938728,0,0.025348000228405,0.7381560206413269,0.6741529703140259,0,0.03455200046300888,-0.6746140122413635,0.7373620271682739,0,0,0.3551889955997467,0,1
K0.133,0.9804790019989014,-0.15744316577911377,0.11778077483177185,0,0.14990916848182678,0.9861929416656494,0.07036024332046509,0,-0.12723183631896973,-0.05133025720715523,0.9905440211296082,0,-0.1477053165435791,1.238102912902832,-0.2774130403995514,1,0.9910039901733398,0.10991016775369644,0.07636506855487823,0,-0.11361616849899292,0.9924589991569519,0.04600895941257477,0,-0.07073205709457397,-0.05427198112010956,0.9960179924964905,0,0,0.19666999578475952,-0.004044000059366226,1,0.9814289212226868,0.1077781468629837,0.15868616104125977,0,-0.12884916365146637,0.9832249879837036,0.12910091876983643,0,-0.14211015403270721,-0.1471499502658844,0.9788519740104675,0,0,0.2294970005750656,0,1,0.9816869497299194,0.10757114738225937,0.15722216665744781,0,-0.12867116928100586,0.9830179810523987,0.13083793222904205,0,-0.14047715067863464,-0.1486719697713852,0.9788579940795898,0,0,0.26228201389312744,0,1,0.999970018863678,-0.0015070029767230153,-0.00755309360101819,0,0.0024330131709575653,0.9922500252723694,0.12423491477966309,0,0.007307092659175396,-0.12424992024898529,0.9922239780426025,0,0,0.29506799578666687,0,1,0.9982119202613831,-0.03846104443073273,-0.04574746638536453,0,0.03571900352835655,0.9975990056991577,-0.059327177703380585,0,0.04791947454214096,0.0575871579349041,0.9971899390220642,0,0,0.3114889860153198,-0.002174000022932887,1,0.0071649812161922455,0.009682991541922092,-0.9999269843101501,0,0.9445290565490723,-0.3284069001674652,0.003587986109778285,0,-0.32834890484809875,-0.9444870352745056,-0.011498984880745411,0,0.10776299983263016,0.25653600692749023,-0.0015020000282675028,1,0.9185845851898193,0.06296978890895844,0.3901746869087219,0,-0.044808294624090195,0.9974538683891296,-0.055486079305410385,0,-0.3926748037338257,0.03348476067185402,0.9190675020217896,0,0,0.22697299718856812,0,1,-0.05143202841281891,0.9980149865150452,0.036334965378046036,0,-0.9980270266532898,-0.05267602950334549,0.034175001084804535,0,0.03602096810936928,-0.03450499847531319,0.9987549781799316,0,0,0.6162840127944946,0,1,-0.20823919773101807,0.004298019222915173,0.9780689477920532,0,-0.848254919052124,-0.4986310601234436,-0.178409144282341,0,0.4869290292263031,-0.8668039441108704,0.10748012363910675,0,-0.10776299983263016,0.2565059959888458,-0.00008399999933317304,1,0.8745335340499878,0.004778879228979349,0.484940767288208,0,-0.22264641523361206,0.8922988176345825,0.39272308349609375,0,-0.43083566427230835,-0.45142030715942383,0.7814093828201294,0,0,0.22697299718856812,0,1,-0.29195407032966614,-0.9558159708976746,-0.034327004104852676,0,0.9558370113372803,-0.2928500473499298,0.024790000170469284,0,-0.033747002482414246,-0.02557400055229664,0.9991030097007751,0,0,0.6160339713096619,0,1,-0.8486908078193665,-0.5024933218955994,0.16499710083007812,0,0.5077542066574097,-0.6868014931678772,0.5200864672660828,0,-0.1480204313993454,0.5251703858375549,0.8380246162414551,0,0.18921500444412231,-0.10932400077581406,-0.002968000015243888,1,0.9833869934082031,-0.034363023936748505,-0.17823804914951324,0,-0.1557980626821518,0.3440968096256256,-0.9259180426597595,0,0.09314800798892975,0.9383050799369812,0.33302682638168335,0,0,0.6271359920501709,0,1,0.9353670477867126,-0.3435097932815552,0.08420009166002274,0,-0.08367503434419632,0.016381142660975456,0.9963579773902893,0,-0.3436377942562103,-0.9390060305595398,-0.013420858420431614,0,0,0.5575649738311768,0,1,0.9995020031929016,-0.002829000586643815,0.031435005366802216,0,-0.018442001193761826,0.7559059858322144,0.654420018196106,0,-0.025613002479076385,-0.6546739935874939,0.7554770112037659,0,0,0.3533110022544861,0,1,-0.9972130060195923,-0.011554385535418987,-0.07370201498270035,0,-0.033210720866918564,-0.8158918023109436,0.5772492289543152,0,-0.06680223345756531,0.5780892372131348,0.813234806060791,0,-0.18921500444412231,-0.10932400077581406,0.00007899999764049426,1,0.9931600689888,0.10513482242822647,0.050792574882507324,0,0.018197670578956604,0.29032671451568604,-0.9567550420761108,0,-0.11533370614051819,0.9511350989341736,0.28642773628234863,0,0,0.6272590160369873,0,1,0.9832299947738647,0.10269688814878464,-0.1507052183151245,0,0.15525923669338226,-0.03784819319844246,0.9871479272842407,0,0.0956728458404541,-0.9939919710159302,-0.05315719544887543,0,0,0.5584380030632019,0,1,0.9993579983711243,0.00267798756249249,-0.03572795167565346,0,0.021129969507455826,0.7612552046775818,0.6481078267097473,0,0.02893395908176899,-0.648446798324585,0.7607101798057556,0,0,0.3551889955997467,0,1
K0.167,0.9800230264663696,-0.17442183196544647,0.09555922448635101,0,0.1655118465423584,0.9816790819168091,0.09440276026725769,0,-0.11027417331933975,-0.07670074701309204,0.9909369945526123,0,-0.17869168519973755,1.228390097618103,-0.2794339656829834,1,0.9884160161018372,0.1270248293876648,0.08305992931127548,0,-0.13083182275295258,0.9905110001564026,0.04209303855895996,0,-0.07692394405603409,-0.05247301980853081,0.9956550002098083,0,0,0.19666999578475952,-0.004044000059366226,1,0.9770100712776184,0.1222398579120636,0.17466683685779572,0,-0.14450284838676453,0.9820809960365295,0.12098008394241333,0,-0.15674884617328644,-0.14343902468681335,0.977167010307312,0,0,0.2294970005750656,0,1,0.9773240685462952,0.12208385765552521,0.17301084101200104,0,-0.14447183907032013,0.9817950129508972,0.1233120709657669,0,-0.15480685234069824,-0.14551103115081787,0.9771699905395508,0,0,0.26228201389312744,0,1,0.9998559951782227,-0.00181099702604115,-0.016849907115101814,0,0.0037559866905212402,0.9932249784469604,0.11614608019590378,0,0.016525909304618835,-0.11619208008050919,0.9930890202522278,0,0,0.29506799578666687,0,1,0.9948450326919556,-0.04306695610284805,-0.0918075367808342,0,0.03603299707174301,0.9963840246200562,-0.07694081962108612,0,0.09478852897882462,0.07323584705591202,0.9928000569343567,0,0,0.3114889860153198,-0.002174000022932887,1,0.005298018455505371,0.00881600845605135,-0.9999470114707947,0,0.9475149512290955,-0.3197031021118164,0.00220101373270154,0,-0.31966710090637207,-0.9474769234657288,-0.01004701480269432,0,0.10776299983263016,0.25653600692749023,-0.0015020000282675028,1,0.87812340259552,0.14167021214962006,0.45697635412216187,0,-0.07409770786762238,0.9838991165161133,-0.16263993084430695,0,-0.4726601839065552,0.10895724594593048,0.8744823932647705,0,0,0.22697299718856812,0,1,0.04499503970146179,0.9984409809112549,0.03303303197026253,0,-0.9984520077705383,0.043865036219358444,0.03418999910354614,0,0.03268703445792198,-0.03452000021934509,0.998869001865387,0,0,0.6162840127944946,0,1,-0.22682182490825653,0.006212980952113867,0.9739170670509338,0,-0.8411820530891418,-0.5052579641342163,-0.1926848441362381,0,0.4908819794654846,-0.8629460334777832,0.11982987076044083,0,-0.10776299983263016,0.2565059959888458,-0.00008399999933317304,1,0.8273744583129883,-0.007181880995631218,0.5616042017936707,0,-0.2643955945968628,0.8772161602973938,0.40073391795158386,0,-0.49552634358406067,-0.4800426959991455,0.7238876223564148,0,0,0.22697299718856812,0,1,-0.2991359531879425,-0.9535859823226929,-0.03451399505138397,0,0.9536070227622986,-0.3000379502773285,0.02473199926316738,0,-0.033939994871616364,-0.02551399916410446,0.999098002910614,0,0,0.6160339713096619,0,1,-0.829017162322998,-0.5311586856842041,0.1749309003353119,0,0.5255508422851562,-0.6330965161323547,0.5683175325393677,0,-0.1911175698041916,0.5630796551704407,0.8039993643760681,0,0.18921500444412231,-0.10932400077581406,-0.002968000015243888,1,0.982450008392334,-0.03661997616291046,-0.18289895355701447,0,-0.1611829400062561,0.3268211781978607,-0.9312399625778198,0,0.09387699514627457,0.9443769454956055,0.31518319249153137,0,0,0.6271359920501709,0,1,0.9421439170837402,-0.3221251964569092,0.0927349179983139,0,-0.08755595982074738,0.03056385926902294,0.9956910014152527,0,-0.32357120513916016,-0.9462039470672607,0.0005908601451665163,0,0,0.5575649738311768,0,1,0.9994940161705017,-0.0028949992265552282,0.03168899565935135,0,-0.018591998144984245,0.7550680041313171,0.6553829908370972,0,-0.025824997574090958,-0.6556410193443298,0.754630982875824,0,0,0.3533110022544861,0,1,-0.9959409832954407,-0.04985561594367027,-0.07493998855352402,0,-0.005412277765572071,-0.7979092001914978,0.602753758430481,0,-0.08984576910734177,0.600712776184082,0.794400155544281,0,-0.18921500444412231,-0.10932400077581406,0.00007899999764049426,1,0.9961339831352234,0.08742517977952957,0.00861642137169838,0,-0.014507672749459743,0.26044929027557373,-0.9653789401054382,0,-0.086643286049366,0.9615209102630615,0.26071128249168396,0,0,0.6272590160369873,0,1,0.9806659817695618,0.09185311198234558,-0.17279377579689026,0,0.17842476069927216,-0.05705280974507332,0.9822980761528015,0,0.08036915957927704,-0.9941369891166687,-0.07233880460262299,0,0,0.5584380030632019,0,1,0.9995260238647461,0.0014470122987404466,-0.03075304999947548,0,0.01822502911090851,0.7772648334503174,0.628909170627594,0,0.02481304109096527,-0.6291722059249878,0.7768698334693909,0,0,0.3551889955997467,0,1
K0.200,0.9803460240364075,-0.17949800193309784,0.0818609967827797,0,0.17032800614833832,0.9794629812240601,0.10788899660110474,0,-0.09954600036144257,-0.09182500094175339,0.9907870292663574,0,-0.2069759964942932,1.217857003211975,-0.28088998794555664,1,0.9876559972763062,0.13281700015068054,0.08303400129079819,0,-0.13655999302864075,0.9897779822349548,0.041120998561382294,0,-0.07672300189733505,-0.05195299908518791,0.9956979751586914,0,0,0.19666999578475952,-0.004044000059366226,1,0.9762870073318481,0.12580500543117523,0.17617200314998627,0,-0.14814400672912598,0.9816640019416809,0.11995399743318558,0,-0.15785099565982819,-0.14320899546146393,0.9770230054855347,0,0,0.2294970005750656,0,1,0.976643979549408,0.1254580020904541,0.17443400621414185,0,-0.14797599613666534,0.9813510179519653,0.12268999963998795,0,-0.15578900277614594,-0.14563600718975067,0.9769949913024902,0,0,0.26228201389312744,0,1,0.9997609853744507,-0.0009860001737251878,-0.021835999563336372,0,0.0033420000690966845,0.9941329956054688,0.10811299830675125,0,0.021601999178528786,-0.10816100239753723,0.9938989877700806,0,0,0.29506799578666687,0,1,0.9926139712333679,-0.03726999834179878,-0.11545199900865555,0,0.027295999228954315,0.995851993560791,-0.08679799735546112,0,0.11820799857378006,0.08300600200891495,0.9895139932632446,0,0,0.3114889860153198,-0.002174000022932887,1,-0.000005999525910738157,0.007829999551177025,-0.9999690055847168,0,0.948386013507843,-0.3171069920063019,-0.002488999627530575,0,-0.31711700558662415,-0.9483569860458374,-0.007424000650644302,0,0.10776299983263016,0.25653600692749023,-0.0015020000282675028,1,0.8525720238685608,0.19851799309253693,0.4834370017051697,0,-0.09923200309276581,0.9697089791297913,-0.2231989949941635,0,-0.5131019949913025,0.14232000708580017,0.8464459776878357,0,0,0.22697299718856812,0,1,0.08721699565649033,0.9956880211830139,0.03158700093626976,0,-0.9957000017166138,0.08613698929548264,0.034095000475645065,0,0.031228000298142433,-0.034425001591444016,0.9989190101623535,0,0,0.6162840127944946,0,1,-0.23716600239276886,0.007542999926954508,0.9714400172233582,0,-0.8372870087623596,-0.5086879730224609,-0.20046399533748627,0,0.49264800548553467,-0.8609179854393005,0.12695899605751038,0,-0.10776299983263016,0.2565059959888458,-0.00008399999933317304,1,0.819428026676178,-0.032155998051166534,0.5722799897193909,0,-0.25347501039505005,0.8751630187034607,0.41211599111557007,0,-0.5140900015830994,-0.4827579855918884,0.708981990814209,0,0,0.22697299718856812,0,1,-0.2963939905166626,-0.9544450044631958,-0.0344420000910759,0,0.9544649720191956,-0.2972939908504486,0.024754000827670097,0,-0.033865999430418015,-0.025536999106407166,0.9991000294685364,0,0,0.6160339713096619,0,1,-0.8159300088882446,-0.5478789806365967,0.1846269965171814,0,0.5355079770088196,-0.5958110094070435,0.5985320210456848,0,-0.21792000532150269,0.5872300267219543,0.7795330286026001,0,0.18921500444412231,-0.10932400077581406,-0.002968000015243888,1,0.9831209778785706,-0.03292100131511688,-0.179967999458313,0,-0.16102999448776245,0.3112129867076874,-0.936598002910614,0,0.08684200048446655,0.9497699737548828,0.3006590008735657,0,0,0.6271359920501709,0,1,0.9454789757728577,-0.3104349970817566,0.09848300367593765,0,-0.08909100294113159,0.044325001537799835,0.9950370192527771,0,-0.3132599890232086,-0.9495609998703003,0.014250999316573143,0,0,0.5575649738311768,0,1,0.9994980096817017,-0.0028570001013576984,0.031543999910354614,0,-0.018505999818444252,0.7555469870567322,0.6548320055007935,0,-0.025704000145196915,-0.6550880074501038,0.7551159858703613,0,0,0.3533110022544861,0,1,-0.9940450191497803,-0.07258400321006775,-0.08128099888563156,0,0.006272999104112387,-0.7827630043029785,0.6222879886627197,0,-0.10879100114107132,0.618071973323822,0.7785570025444031,0,-0.18921500444412231,-0.10932400077581406,0.00007899999764049426,1,0.9959269762039185,0.08781599998474121,-0.020437998697161674,0,-0.0400179959833622,0.227400004863739,-0.9729790091514587,0,-0.08079499751329422,0.96983402967453,0.2299879938364029,0,0,0.6272590160369873,0,1,0.9794290065765381,0.0700099989771843,-0.1892559975385666,0,0.19473299384117126,-0.08205799758434296,0.9774180054664612,0,0.05289900302886963,-0.9941660165786743,-0.09400299936532974,0,0,0.5584380030632019,0,1,0.9996060132980347,0.0008360000792890787,-0.02806599996984005,0,0.01670599915087223,0.7856690287590027,0.6184210181236267,0,0.022568000480532646,-0.6186460256576538,0.7853450179100037,0,0,0.3551889955997467,0,1
