1.967,30,59,41
B0,mixamorig_Hips,-1,0.7323867678642273,0.0040284558199346066,0.6808769702911377,0,0.0556553453207016,0.9962822198867798,-0.0657600536942482,0,-0.678610622882843,0.08605607599020004,0.7294400930404663,0,0.00620800256729126,1.4351617097854614,-0.0041671693325042725,1
B1,mixamorig_Spine,0,0.9966641664505005,-0.01359525229781866,-0.08047596365213394,0,0.019400913268327713,0.9972304701805115,0.07179885357618332,0,0.07927679270505905,-0.07312052696943283,0.9941669702529907,0,0,0.1916009932756424,-0.003773000091314316,1
B2,mixamorig_Spine1,1,0.9865602850914001,-0.014431963674724102,-0.16275759041309357,0,0.04410896450281143,0.9826340675354004,0.1802375316619873,0,0.1573297381401062,-0.18499422073364258,0.9700638055801392,0,0,0.22357800602912903,0,1
B3,mixamorig_Spine2,2,0.9865602850914001,-0.014431132934987545,-0.16275759041309357,0,0.04410896450281143,0.9826340675354004,0.1802375316619873,0,0.15733057260513306,-0.18499422073364258,0.9700638055801392,0,0,0.25551798939704895,0,1
B4,mixamorig_Neck,3,0.9997720122337341,0.0028630306478589773,0.021163152530789375,0,-0.0026717945002019405,0.9999551773071289,-0.009065759368240833,0,-0.021187830716371536,0.009006759151816368,0.9997351765632629,0,0,0.2874569892883301,0,1
B5,mixamorig_Head,4,0.9371140003204346,-0.02510368637740612,-0.3481192886829376,0,-0.018418671563267708,0.9924611449241638,-0.12114819884300232,0,0.3485359847545624,0.11994089931249619,0.9295865297317505,0,0,0.18890699744224548,-0.001353000057861209,1
B6,mixamorig_HeadTop_End,5,1,0,0,0,0,1,0,0,0,0,1,0,0,1.0949369668960571,-0.00784400012344122,1
B7,mixamorig_LeftShoulder,3,-0.04815708473324776,0.029857030138373375,-0.9983933568000793,0,0.932000458240509,-0.35815680027008057,-0.055665094405412674,0,-0.3592434525489807,-0.9331835508346558,-0.010579266585409641,0,0.10976900160312653,0.24802200496196747,-0.0017519999528303742,1
B8,mixamorig_LeftArm,7,0.9748485684394836,0.021702462807297707,0.2218085080385208,0,-0.18163259327411652,0.6541001200675964,0.7342768907546997,0,-0.12914934754371643,-0.756096363067627,0.6415900588035583,0,0,0.24014000594615936,0,1
B9,mixamorig_LeftForeArm,8,0.6373013854026794,0.7623118162155151,-0.11282042413949966,0,-0.7604314684867859,0.6458255052566528,0.0682157352566719,0,0.12486369907855988,0.042318034917116165,0.9912710189819336,0,0,0.5149400234222412,0,1
B10,mixamorig_LeftHand,9,0.8611783385276794,-0.051527053117752075,-0.5056849718093872,0,-0.053655754774808884,0.9800751805305481,-0.1912420243024826,0,0.5054637789726257,0.1918260157108307,0.841254472732544,0,0,0.4899899959564209,0,1
B11,mixamorig_LeftHandThumb1,10,0.8750496506690979,0.44499629735946655,-0.19043801724910736,0,-0.3136712610721588,0.8209773302078247,0.47708120942115784,0,0.36864516139030457,-0.35773447155952454,0.857978105545044,0,-0.08815799653530121,0.05629799887537956,0,1
B12,mixamorig_LeftHandThumb2,11,0.9807968139648438,0.19501158595085144,-0.002880291547626257,0,-0.19503243267536163,0.9807148575782776,-0.01267047319561243,0,0.0003539360186550766,0.012988761067390442,0.9999158382415771,0,-0.008019999600946903,0.08329500257968903,0,1
B13,mixamorig_LeftHandThumb3,12,0.9908159971237183,-0.13507500290870667,0.0061690001748502254,0,0.1350768357515335,0.9908350110054016,0.00017616944387555122,0,-0.006136000156402588,0.0006580000044777989,0.9999809861183167,0,0.010075000114738941,0.09423600137233734,0,1
B14,mixamorig_LeftHandThumb4,13,1,0,0,0,0,1,0,0,0,0,1,0,-0.0020540000405162573,0.07319699972867966,0,1
B15,mixamorig_LeftHandIndex1,10,0.9861188530921936,0.16508054733276367,0.017822207883000374,0,-0.1658833622932434,0.9841492772102356,0.06266656517982483,0,-0.007193310651928186,-0.06475283950567245,0.9978734850883484,0,0,0.11396200209856033,0,1
B16,mixamorig_LeftHandIndex2,15,0.9999330639839172,0.010791362263262272,0.00392770953476429,0,-0.011474120430648327,0.9523151516914368,0.3048805296421051,0,-0.0004460662603378296,-0.3049052059650421,0.9523769021034241,0,0.003410999896004796,0.1452070027589798,0,1
B17,mixamorig_LeftHandIndex3,16,0.9995959997177124,0.028297999873757362,-0.0025939999613910913,0,-0.028297999873757362,0.9995999932289124,0,0,0.002592999953776598,0.00007300000288523734,0.9999970197677612,0,-0.0034280000254511833,0.12006200104951859,0,1
B18,mixamorig_LeftHandIndex4,17,1,0,0,0,0,1,0,0,0,0,1,0,0.00001700000029813964,0.09526699781417847,0,1
B19,mixamorig_RightShoulder,3,0.1172606498003006,-0.03167144954204559,0.9925960302352905,0,-0.9154041409492493,-0.3910014033317566,0.0956655740737915,0,0.38507646322250366,-0.9198442697525024,-0.07484135031700134,0,-0.10976900160312653,0.24798400700092316,0.00019799999427050352,1
B20,mixamorig_RightArm,19,0.9129526615142822,0.40588319301605225,-0.04214601218700409,0,-0.2481621354818344,0.6342262029647827,0.732238233089447,0,0.3239334225654602,-0.6580397486686707,0.6797432899475098,0,0,0.24014000594615936,0,1
B21,mixamorig_RightForeArm,20,0.7352707982063293,-0.6761724352836609,-0.046565230935811996,0,0.6751320362091064,0.7246133089065552,0.13831879198551178,0,-0.05978519469499588,-0.13313952088356018,0.9892928004264832,0,0,0.5148659944534302,0,1
B22,mixamorig_RightHand,21,0.9403477311134338,-0.22456838190555573,0.25556865334510803,0,0.16368412971496582,0.9571730494499207,0.23880179226398468,0,-0.29825103282928467,-0.1827242523431778,0.9368338584899902,0,0,0.48980000615119934,0,1
B23,mixamorig_RightHandThumb1,22,0.9206671118736267,-0.38391509652137756,-0.07057636231184006,0,0.3860991597175598,0.8690292835235596,0.3093799352645874,0,-0.05744292959570885,-0.3120851516723633,0.9483158588409424,0,0.07051199674606323,0.07619000226259232,0,1
B24,mixamorig_RightHandThumb2,23,0.9459525942802429,0.32425421476364136,0.005648236721754074,0,-0.3238012194633484,0.9433728456497192,0.07211372256278992,0,0.01805512048304081,-0.07004575431346893,0.9973804354667664,0,0.01103300042450428,0.08231300115585327,0,1
B25,mixamorig_RightHandThumb3,24,0.9283609986305237,-0.37078601121902466,-0.02575100027024746,0,0.37072500586509705,0.9287139773368835,-0.007278999779373407,0,0.026613999158143997,-0.0027890000492334366,0.999642014503479,0,0.010015999898314476,0.09537500143051147,0,1
B26,mixamorig_RightHandThumb4,25,1,0,0,0,0,1,0,0,0,0,1,0,-0.021049000322818756,0.07430700212717056,0,1
B27,mixamorig_RightHandIndex1,22,0.9999061226844788,-0.009771773591637611,-0.009629921987652779,0,0.010477161966264248,0.997040331363678,0.07615721225738525,0,0.008857213892042637,-0.07625090330839157,0.9970495104789734,0,0,0.11529900133609772,0,1
B28,mixamorig_RightHandIndex2,27,0.999943196773529,0.01068042777478695,0.0005028138984926045,0,-0.010368427261710167,0.9570738077163696,0.28965792059898376,0,0.0026129665784537792,-0.2896469235420227,0.9571296572685242,0,-0.002848000032827258,0.1538030058145523,0,1
B29,mixamorig_RightHandIndex3,28,0.9994739890098572,-0.03223000094294548,0.003561000106856227,0,0.03223000094294548,0.9994800090789795,0.000019999999494757503,0,-0.0035600000992417336,0.00009500000305706635,0.9999939799308777,0,0.0033289999701082706,0.12311100214719772,0,1
B30,mixamorig_RightHandIndex4,29,1,0,0,0,0,1,0,0,0,0,1,0,-0.0004799999878741801,0.09198399633169174,0,1
B31,mixamorig_LeftUpLeg,0,-0.966901421546936,-0.17324835062026978,0.1873137652873993,0,0.23466187715530396,-0.8920481204986572,0.38624265789985657,0,0.10017742216587067,0.417414128780365,0.9031780362129211,0,0.18957999348640442,-0.10629899799823761,-0.002274000085890293,1
B32,mixamorig_LeftLeg,31,0.9687602519989014,-0.1406916379928589,-0.2042304426431656,0,-0.005595569498836994,0.8108976483345032,-0.5851619839668274,0,0.2479369044303894,0.5680240392684937,0.7847771644592285,0,0,0.621412992477417,0,1
B33,mixamorig_LeftFoot,32,0.9821441769599915,-0.0540815033018589,0.18018709123134613,0,-0.1275513768196106,0.5126067399978638,0.8490961790084839,0,-0.13828536868095398,-0.8569183349609375,0.49655646085739136,0,0,0.5902990102767944,0,1
B34,mixamorig_LeftToeBase,33,0.9991632103919983,-0.03544563800096512,-0.02040383778512478,0,0.04026126489043236,0.764659583568573,0.643175482749939,0,-0.007195350248366594,-0.6434587836265564,0.7654473781585693,0,0,0.3533110022544861,0,1
B35,mixamorig_LeftToe_End,34,1,0,0,0,0,1,0,0,0,0,1,0,0,0.13574400544166565,0,1
B36,mixamorig_RightUpLeg,0,-0.931391179561615,0.28382790088653564,-0.22793203592300415,0,-0.2710590958595276,-0.9586973190307617,-0.0861794725060463,0,-0.24297724664211273,-0.01848367415368557,0.9698557257652283,0,-0.18957999348640442,-0.10629899799823761,0.0004490000137593597,1
B37,mixamorig_RightLeg,36,0.9861627817153931,-0.05378011241555214,-0.15681111812591553,0,-0.036946311593055725,0.8508228063583374,-0.5241511464118958,0,0.1616072654724121,0.5226923823356628,0.8370632529258728,0,0,0.6214759945869446,0,1
B38,mixamorig_RightFoot,37,0.9546899795532227,0.2660195827484131,-0.13341714441776276,0,0.0616297647356987,0.2618669271469116,0.9631338715553284,0,0.29115021228790283,-0.9277171492576599,0.2336074560880661,0,0,0.5912700295448303,0,1
B39,mixamorig_RightToeBase,38,0.9992736577987671,0.00003132221900159493,-0.038112759590148926,0,0.023820405825972557,0.7801110744476318,0.62518709897995,0,0.029751066118478775,-0.6256411075592041,0.779543936252594,0,0,0.3551889955997467,0,1
B40,mixamorig_RightToe_End,39,1,0,0,0,0,1,0,0,0,0,1,0,0,0.13565100729465485,0,1
@34,0,1,2,3,4,5,7,8,9,10,11,12,13,15,16,17,19,20,21,22,23,24,25,27,28,29,31,32,33,34,36,37,38,39
K0.000,0.7302039861679077,0.004188000224530697,0.6832169890403748,0,0.04994399845600128,0.9969789981842041,-0.05948999896645546,0,-0.6814020276069641,0.07756300270557404,0.727787971496582,0,0.004747000057250261,1.4287580251693726,-0.017264999449253082,1,0.9965779781341553,-0.015184000134468079,-0.08124999701976776,0,0.021733999252319336,0.9965299963951111,0.08034899830818176,0,0.0797479972243309,-0.08184000104665756,0.9934499859809875,0,0,0.1916009932756424,-0.003773000091314316,1,0.9861840009689331,-0.017240000888705254,-0.1647540032863617,0,0.04999300092458725,0.9791709780693054,0.1967879980802536,0,0.15792900323867798,-0.20230600237846375,0.9665039777755737,0,0,0.22357800602912903,0,1,0.9861840009689331,-0.017240000888705254,-0.1647540032863617,0,0.04999300092458725,0.9791709780693054,0.1967879980802536,0,0.15792900323867798,-0.20230600237846375,0.9665039777755737,0,0,0.25551798939704895,0,1,0.9997439980506897,0.004757000133395195,0.02211499959230423,0,-0.003524000057950616,0.9984539747238159,-0.055465999990701675,0,-0.022345000877976418,0.05537400022149086,0.9982159733772278,0,0,0.2874569892883301,0,1,0.9370599985122681,-0.04476400092244148,-0.3462870121002197,0,0.00621700007468462,0.9937300086021423,-0.1116349995136261,0,0.34911298751831055,0.1024560034275055,0.9314630031585693,0,0,0.18890699744224548,-0.001353000057861209,1,-0.005237000063061714,0.025915000587701797,-0.9996500015258789,0,0.9062460064888,-0.4224579930305481,-0.015698999166488647,0,-0.42271700501441956,-0.9060119986534119,-0.021273000165820122,0,0.10976900160312653,0.24802200496196747,-0.0017519999528303742,1,0.9696019887924194,0.01938300020992756,0.24392099678516388,0,-0.1907919943332672,0.6840350031852722,0.7040560245513916,0,-0.15320399403572083,-0.7291920185089111,0.6669390201568604,0,0,0.24014000594615936,0,1,0.6650570034980774,0.739313006401062,-0.10543199628591537,0,-0.7394449710845947,0.6716729998588562,0.045563001185655594,0,0.10450199991464615,0.047658998519182205,0.9933819770812988,0,0,0.5149400234222412,0,1,0.857725977897644,-0.08995500206947327,-0.5061759948730469,0,-0.08443400263786316,0.9465559720993042,-0.31129300594329834,0,0.507125973701477,0.3097420036792755,0.8042899966239929,0,0,0.4899899959564209,0,1,0.8663280010223389,0.46693098545074463,-0.17734600603580475,0,-0.3400990068912506,0.8114929795265198,0.4751960039138794,0,0.3657990097999573,-0.3513610064983368,0.8618220090866089,0,-0.08815799653530121,0.05629799887537956,0,1,0.9806200265884399,0.19589799642562866,-0.0028989999555051327,0,-0.19592000544071198,0.9805269837379456,-0.013511000201106071,0,0.000195999993593432,0.013817000202834606,0.999904990196228,0,-0.008019999600946903,0.08329500257968903,0,1,0.9908159971237183,-0.13507500290870667,0.0061690001748502254,0,0.13507699966430664,0.9908350110054016,0.00017600000137463212,0,-0.006136000156402588,0.0006580000044777989,0.9999809861183167,0,0.010075000114738941,0.09423600137233734,0,1,0.9875749945640564,0.15643399953842163,0.014933999627828598,0,-0.15686500072479248,0.9870269894599915,0.03421900048851967,0,-0.009387999773025513,-0.03613600134849548,0.9993029832839966,0,0,0.11396200209856033,0,1,0.9999979734420776,0.0008820000221021473,0.0016949999844655395,0,-0.0013180000241845846,0.960502028465271,0.27827200293540955,0,-0.0013830000534653664,-0.27827298641204834,0.9605010151863098,0,0.003410999896004796,0.1452070027589798,0,1,0.9995959997177124,0.028297999873757362,-0.0025939999613910913,0,-0.028297999873757362,0.9995999932289124,0,0,0.002592999953776598,0.00007300000288523734,0.9999970197677612,0,-0.0034280000254511833,0.12006200104951859,0,1,0.16338099539279938,-0.024080000817775726,0.9862689971923828,0,-0.8780279755592346,-0.45939901471138,0.1342339962720871,0,0.44985899329185486,-0.8879029750823975,-0.09619999676942825,0,-0.10976900160312653,0.24798400700092316,0.00019799999427050352,1,0.9023240208625793,0.4189339876174927,-0.10151900351047516,0,-0.2388550043106079,0.6819739937782288,0.6912739872932434,0,0.3588320016860962,-0.5995050072669983,0.7154260277748108,0,0,0.24014000594615936,0,1,0.7412629723548889,-0.664808988571167,-0.09251599758863449,0,0.6709960103034973,0.7374690175056458,0.07683700323104858,0,0.017146000638604164,-0.11903499811887741,0.9927420020103455,0,0,0.5148659944534302,0,1,0.9251940250396729,-0.24405400454998016,0.2906079888343811,0,0.18080200254917145,0.9567559957504272,0.22787900269031525,0,-0.3336560130119324,-0.15828900039196014,0.9293109774589539,0,0,0.48980000615119934,0,1,0.9224169850349426,-0.3796449899673462,-0.0708329975605011,0,0.38217398524284363,0.8709239959716797,0.30892398953437805,0,-0.05559200048446655,-0.3120270073413849,0.9484450221061707,0,0.07051199674606323,0.07619000226259232,0,1,0.9453930258750916,0.32586100697517395,0.006769999861717224,0,-0.3253850042819977,0.9424009919166565,0.07749000191688538,0,0.018871000036597252,-0.07546199858188629,0.996969997882843,0,0.01103300042450428,0.08231300115585327,0,1,0.9283609986305237,-0.37078601121902466,-0.02575100027024746,0,0.37072500586509705,0.9287139773368835,-0.007278000004589558,0,0.026613999158143997,-0.0027890000492334366,0.999642014503479,0,0.010015999898314476,0.09537500143051147,0,1,0.9998810291290283,-0.011613000184297562,-0.010203000158071518,0,0.012404000386595726,0.9966130256652832,0.08129800111055374,0,0.009224999696016312,-0.08141499757766724,0.9966380000114441,0,0,0.11529900133609772,0,1,0.9999420046806335,0.010781999677419662,0.0005510000046342611,0,-0.010479000397026539,0.9569249749183655,0.29014700651168823,0,0.002601000014692545,-0.2901360094547272,0.9569820165634155,0,-0.002848000032827258,0.1538030058145523,0,1,0.9994739890098572,-0.03223000094294548,0.003561000106856227,0,0.03223000094294548,0.9994800090789795,0.000019999999494757503,0,-0.0035600000992417336,0.00009500000305706635,0.9999939799308777,0,0.0033289999701082706,0.12311100214719772,0,1,-0.9653649926185608,-0.18003299832344055,0.18883299827575684,0,0.24374599754810333,-0.8804609775543213,0.40666601061820984,0,0.09304700046777725,0.4386090040206909,0.8938480019569397,0,0.18957999348640442,-0.10629899799823761,-0.002274000085890293,1,0.969310998916626,-0.14241300523281097,-0.20038500428199768,0,-0.0052109998650848866,0.8030300140380859,-0.5959159731864929,0,0.24578100442886353,0.5786730051040649,0.7776439785957336,0,0,0.621412992477417,0,1,0.9817569851875305,-0.06277000159025192,0.17947900295257568,0,-0.12224999815225601,0.5145840048789978,0.8486800193786621,0,-0.14562900364398956,-0.8551390171051025,0.4975230097770691,0,0,0.5902990102767944,0,1,0.999193012714386,-0.0356220006942749,-0.018552999943494797,0,0.0392020009458065,0.764494001865387,0.6434370279312134,0,-0.008736999705433846,-0.6436460018157959,0.7652739882469177,0,0,0.3533110022544861,0,1,-0.9333059787750244,0.2738550007343292,-0.23225800693035126,0,-0.2715449929237366,-0.9614869952201843,-0.04250900074839592,0,-0.23495399951934814,0.023395000025629997,0.9717249870300293,0,-0.18957999348640442,-0.10629899799823761,0.0004490000137593597,1,0.9870709776878357,-0.06050800159573555,-0.1484210044145584,0,-0.03626300022006035,0.8176890015602112,-0.574517011642456,0,0.1561249941587448,0.572471022605896,0.8049240112304688,0,0,0.6214759945869446,0,1,0.9551349878311157,0.26551398634910583,-0.13121899962425232,0,0.06792599707841873,0.23486000299453735,0.9696530103683472,0,0.28827500343322754,-0.9350630044937134,0.20628799498081207,0,0,0.5912700295448303,0,1,0.999235987663269,0.000011000000085914508,-0.039087001234292984,0,0.024450000375509262,0.7800310254096985,0.625262975692749,0,0.03049599938094616,-0.6257410049438477,0.7794349789619446,0,0,0.3551889955997467,0,1
K0.033,0.729902982711792,0.004184000194072723,0.683538019657135,0,0.05019400268793106,0.996953010559082,-0.05970200523734093,0,-0.6817049980163574,0.07788600027561188,0.7274690270423889,0,0.004935001954436302,1.4288920164108276,-0.017424002289772034,1,0.9965779781341553,-0.015173000283539295,-0.08125200122594833,0,0.02171899937093258,0.996533989906311,0.0802989974617958,0,0.07975199818611145,-0.08178900182247162,0.9934539794921875,0,0,0.1916009932756424,-0.003773000091314316,1,0.9861840009689331,-0.01722699962556362,-0.1647530049085617,0,0.049963999539613724,0.9791920185089111,0.19668999314308167,0,0.15793700516223907,-0.20220400393009186,0.9665240049362183,0,0,0.22357800602912903,0,1,0.9861840009689331,-0.01722699962556362,-0.1647530049085617,0,0.049963999539613724,0.9791920185089111,0.19668999314308167,0,0.15793700516223907,-0.20220400393009186,0.9665240049362183,0,0,0.25551798939704895,0,1,0.9997450113296509,0.004679997451603413,0.022113999351859093,0,-0.003460997948423028,0.9984890222549438,-0.0548509880900383,0,-0.02233700081706047,0.05476098880171776,0.9982500076293945,0,0,0.2874569892883301,0,1,0.9372029900550842,-0.044468991458415985,-0.3459390103816986,0,0.006170996464788914,0.993798017501831,-0.1110299825668335,0,0.34873101115226746,0.10192298889160156,0.931663990020752,0,0,0.18890699744224548,-0.001353000057861209,1,-0.004869000054895878,0.025987999513745308,-0.9996500015258789,0,0.9062659740447998,-0.4224280118942261,-0.015395999886095524,0,-0.4226810038089752,-0.9060239791870117,-0.021494999527931213,0,0.10976900160312653,0.24802200496196747,-0.0017519999528303742,1,0.9696120023727417,0.019603000953793526,0.24386000633239746,0,-0.1908549964427948,0.684224009513855,0.7038549780845642,0,-0.15305699408054352,-0.7290089726448059,0.6671730279922485,0,0,0.24014000594615936,0,1,0.664883017539978,0.7394779920578003,-0.10537000000476837,0,-0.7396079897880554,0.6714929938316345,0.045566998422145844,0,0.10445199906826019,0.0476359985768795,0.9933890104293823,0,0,0.5149400234222412,0,1,0.857886016368866,-0.08985699713230133,-0.5059220194816589,0,-0.08426999300718307,0.9466559886932373,-0.3110319972038269,0,0.5068830251693726,0.3094640076160431,0.8045510053634644,0,0,0.4899899959564209,0,1,0.8664659857749939,0.4661850035190582,-0.17862601578235626,0,-0.33831900358200073,0.8114209771156311,0.47658801078796387,0,0.3671190142631531,-0.35251501202583313,0.8607879877090454,0,-0.08815799653530121,0.05629799887537956,0,1,0.9806200265884399,0.19589899480342865,-0.0028999994974583387,0,-0.19592000544071198,0.9805269837379456,-0.013510998338460922,0,0.000195999993593432,0.013816998340189457,0.999904990196228,0,-0.008019999600946903,0.08329500257968903,0,1,0.9908159971237183,-0.13507500290870667,0.0061690001748502254,0,0.13507699966430664,0.9908350110054016,0.00017699999443721026,0,-0.006136000156402588,0.0006580000044777989,0.9999809861183167,0,0.010075000114738941,0.09423600137233734,0,1,0.9875280261039734,0.15672700107097626,0.014976000413298607,0,-0.15717199444770813,0.9869300127029419,0.03556901216506958,0,-0.00920499861240387,-0.037479009479284286,0.9992550015449524,0,0,0.11396200209856033,0,1,0.9999979734420776,0.0008950016926974058,0.0016980002401396632,0,-0.0013320016441866755,0.9604849815368652,0.278329998254776,0,-0.001380999805405736,-0.278331995010376,0.9604840278625488,0,0.003410999896004796,0.1452070027589798,0,1,0.9995959997177124,0.028297999873757362,-0.0025939999613910913,0,-0.028297999873757362,0.9995999932289124,0,0,0.002592999953776598,0.00007300000288523734,0.9999970197677612,0,-0.0034280000254511833,0.12006200104951859,0,1,0.1630440056324005,-0.024111999198794365,0.9863240122795105,0,-0.8783940076828003,-0.4587709903717041,0.13398699462413788,0,0.4492659866809845,-0.8882269859313965,-0.09597999602556229,0,-0.10976900160312653,0.24798400700092316,0.00019799999427050352,1,0.9025769829750061,0.4184289872646332,-0.10134999454021454,0,-0.23852099478244781,0.6819700002670288,0.6913939714431763,0,0.35841700434684753,-0.5998619794845581,0.7153339982032776,0,0,0.24014000594615936,0,1,0.7411540150642395,-0.6650009751319885,-0.09199599176645279,0,0.6711379885673523,0.7372649908065796,0.07755301147699356,0,0.01625298149883747,-0.11922100931406021,0.9927350282669067,0,0,0.5148659944534302,0,1,0.9254069924354553,-0.24356898665428162,0.29033899307250977,0,0.18061299622058868,0.9569680094718933,0.22713898122310638,0,-0.33316901326179504,-0.1577569842338562,0.9295759797096252,0,0,0.48980000615119934,0,1,0.9232310056686401,-0.3774319887161255,-0.07204100489616394,0,0.38053300976753235,0.8720980286598206,0.30763599276542664,0,-0.053284987807273865,-0.31143298745155334,0.9487730264663696,0,0.07051199674606323,0.07619000226259232,0,1,0.9455130100250244,0.32549700140953064,0.00756900105625391,0,-0.32506000995635986,0.9424139857292175,0.07869601249694824,0,0.01848200336098671,-0.07686801254749298,0.9968699812889099,0,0.01103300042450428,0.08231300115585327,0,1,0.9283609986305237,-0.37078601121902466,-0.02575100027024746,0,0.37072500586509705,0.9287139773368835,-0.007278999779373407,0,0.026613999158143997,-0.0027890000492334366,0.999642014503479,0,0.010015999898314476,0.09537500143051147,0,1,0.9998800158500671,-0.011674998328089714,-0.01020399946719408,0,0.012453998439013958,0.9967259764671326,0.07988397777080536,0,0.009237999096512794,-0.08000198006629944,0.9967520236968994,0,0,0.11529900133609772,0,1,0.9999409914016724,0.010873002000153065,0.000560000364203006,0,-0.01056900154799223,0.9571040272712708,0.2895520031452179,0,0.0026130001060664654,-0.28954100608825684,0.9571620225906372,0,-0.002848000032827258,0.1538030058145523,0,1,0.9994739890098572,-0.03223000094294548,0.003561000106856227,0,0.03223000094294548,0.9994800090789795,0.000019999999494757503,0,-0.0035600000992417336,0.00009500000305706635,0.9999939799308777,0,0.0033289999701082706,0.12311100214719772,0,1,-0.9653530120849609,-0.18010400235652924,0.18882900476455688,0,0.24373899400234222,-0.8807690143585205,0.4060010015964508,0,0.09319200366735458,0.4379599988460541,0.894150972366333,0,0.18957999348640442,-0.10629899799823761,-0.002274000085890293,1,0.9693629741668701,-0.14202900230884552,-0.20040899515151978,0,-0.005320001393556595,0.8035539984703064,-0.5952079892158508,0,0.24557599425315857,0.5780389904975891,0.7781800031661987,0,0,0.621412992477417,0,1,0.9817569851875305,-0.0628959983587265,0.17943400144577026,0,-0.1220719963312149,0.5150259733200073,0.8484370112419128,0,-0.14577600359916687,-0.8548640012741089,0.49795299768447876,0,0,0.5902990102767944,0,1,0.9991940259933472,-0.03547399491071701,-0.018775004893541336,0,0.039232999086380005,0.7646290063858032,0.6432750225067139,0,-0.008462993428111076,-0.6434929966926575,0.765404999256134,0,0,0.3533110022544861,0,1,-0.9332849979400635,0.27397599816322327,-0.23219799995422363,0,-0.2716360092163086,-0.9614549875259399,-0.04264400526881218,0,-0.23493100702762604,0.023273998871445656,0.9717329740524292,0,-0.18957999348640442,-0.10629899799823761,0.0004490000137593597,1,0.9871259927749634,-0.06019799783825874,-0.14818400144577026,0,-0.03632400184869766,0.8178899884223938,-0.5742260217666626,0,0.15576499700546265,0.5722159743309021,0.8051739931106567,0,0,0.6214759945869446,0,1,0.9552270174026489,0.2651579976081848,-0.13127100467681885,0,0.0679439976811409,0.23523199558258057,0.9695619940757751,0,0.2879660129547119,-0.9350709915161133,0.20668399333953857,0,0,0.5912700295448303,0,1,0.999235987663269,0.000011000000085914508,-0.039087001234292984,0,0.024450000375509262,0.7800310254096985,0.625262975692749,0,0.03049599938094616,-0.6257410049438477,0.7794349789619446,0,0,0.3551889955997467,0,1
K0.067,0.7296900153160095,0.0041809999383986,0.6837660074234009,0,0.050408996641635895,0.9969310164451599,-0.0598909966647625,0,-0.6819180250167847,0.07817000150680542,0.7272400259971619,0,0.005140997935086489,1.4290330410003662,-0.017517998814582825,1,0.9965779781341553,-0.015149000100791454,-0.08125399798154831,0,0.02168699912726879,0.9965429902076721,0.08019199967384338,0,0.07975900173187256,-0.08167999982833862,0.9934620261192322,0,0,0.1916009932756424,-0.003773000091314316,1,0.9861850142478943,-0.017192000523209572,-0.16475200653076172,0,0.04989499971270561,0.9792370200157166,0.19648300111293793,0,0.15795299410820007,-0.20198899507522583,0.9665669798851013,0,0,0.22357800602912903,0,1,0.9861850142478943,-0.017192000523209572,-0.16475200653076172,0,0.04989499971270561,0.9792370200157166,0.19648399949073792,0,0.15795400738716125,-0.20198999345302582,0.9665669798851013,0,0,0.25551798939704895,0,1,0.9997450113296509,0.004447002429515123,0.02212199941277504,0,-0.003252002177760005,0.9985499978065491,-0.05374101176857948,0,-0.022328000515699387,0.05365601181983948,0.9983100295066833,0,0,0.2874569892883301,0,1,0.937379002571106,-0.043622005730867386,-0.34556901454925537,0,0.005807003937661648,0.9939460158348083,-0.10971801728010178,0,0.3482629954814911,0.10084100812673569,0.9319570064544678,0,0,0.18890699744224548,-0.001353000057861209,1,-0.004852999933063984,0.026062000542879105,-0.9996489882469177,0,0.9065229892730713,-0.4218760132789612,-0.015399999916553497,0,-0.4221290051937103,-0.9062790274620056,-0.021578000858426094,0,0.10976900160312653,0.24802200496196747,-0.0017519999528303742,1,0.9696289896965027,0.019860997796058655,0.24377399682998657,0,-0.19100600481033325,0.68402099609375,0.7040119767189026,0,-0.15276400744915009,-0.7291920185089111,0.6670399904251099,0,0,0.24014000594615936,0,1,0.6647340059280396,0.7396450042724609,-0.10513400286436081,0,-0.7397750020027161,0.6713160276412964,0.04548000171780586,0,0.10421700030565262,0.047543998807668686,0.9934179782867432,0,0,0.5149400234222412,0,1,0.8580150008201599,-0.08974400162696838,-0.5057240128517151,0,-0.0837710052728653,0.9469820261001587,-0.31017398834228516,0,0.5067480206489563,0.3084990084171295,0.8050060272216797,0,0,0.4899899959564209,0,1,0.8666660189628601,0.4655050039291382,-0.17942798137664795,0,-0.33702799677848816,0.8114820122718811,0.47739800810813904,0,0.3678340017795563,-0.3532719910144806,0.8601729869842529,0,-0.08815799653530121,0.05629799887537956,0,1,0.980633020401001,0.19583100080490112,-0.0028540005441755056,0,-0.19585199654102325,0.9805430173873901,-0.013291002251207829,0,0.000195999993593432,0.01359300222247839,0.9999079704284668,0,-0.008019999600946903,0.08329500257968903,0,1,0.9908159971237183,-0.13507500290870667,0.0061690001748502254,0,0.13507699966430664,0.9908350110054016,0.00017699999443721026,0,-0.006136000156402588,0.0006580000044777989,0.9999809861183167,0,0.010075000114738941,0.09423600137233734,0,1,0.9874870181083679,0.15698599815368652,0.015015999786555767,0,-0.15744100511074066,0.9868530035018921,0.036508988589048386,0,-0.009087000973522663,-0.038416989147663116,0.9992200136184692,0,0,0.11396200209856033,0,1,0.9999979734420776,0.001060998416505754,0.0017219997243955731,0,-0.001498998375609517,0.960273027420044,0.27905699610710144,0,-0.0013570002047345042,-0.2790589928627014,0.960273027420044,0,0.003410999896004796,0.1452070027589798,0,1,0.9995959997177124,0.028297999873757362,-0.0025939999613910913,0,-0.028297999873757362,0.9995999932289124,0,0,0.002592999953776598,0.00007300000288523734,0.9999970197677612,0,-0.0034280000254511833,0.12006200104951859,0,1,0.1624480038881302,-0.02418299950659275,0.9864209890365601,0,-0.8790850043296814,-0.4575729966163635,0.13355399668216705,0,0.44812899827957153,-0.8888429999351501,-0.0955900102853775,0,-0.10976900160312653,0.24798400700092316,0.00019799999427050352,1,0.9029949903488159,0.4176520109176636,-0.1008320078253746,0,-0.23804999887943268,0.6817039847373962,0.6918179988861084,0,0.3576759994029999,-0.6007050275802612,0.7149969935417175,0,0,0.24014000594615936,0,1,0.741100013256073,-0.6652010083198547,-0.09098301082849503,0,0.6712390184402466,0.7370100021362305,0.07908198237419128,0,0.01445101760327816,-0.11967898905277252,0.9927070140838623,0,0,0.5148659944534302,0,1,0.9258999824523926,-0.24245402216911316,0.2896980047225952,0,0.18012499809265137,0.9574249982833862,0.22559301555156708,0,-0.3320600092411041,-0.15669500827789307,0.9301519989967346,0,0,0.48980000615119934,0,1,0.9236209988594055,-0.3763749897480011,-0.07256799191236496,0,0.379720002412796,0.8725939989089966,0.307233989238739,0,-0.05231301113963127,-0.31132400035858154,0.9488630294799805,0,0.07051199674606323,0.07619000226259232,0,1,0.9452019929885864,0.3263950049877167,0.007668999023735523,0,-0.32594001293182373,0.9420070052146912,0.07991498708724976,0,0.018858997151255608,-0.07803598791360855,0.9967719912528992,0,0.01103300042450428,0.08231300115585327,0,1,0.9283609986305237,-0.37078601121902466,-0.02575100027024746,0,0.37072500586509705,0.9287139773368835,-0.007278000004589558,0,0.026613999158143997,-0.00279000005684793,0.999642014503479,0,0.010015999898314476,0.09537500143051147,0,1,0.9998829960823059,-0.011494002304971218,-0.010095001198351383,0,0.012245002202689648,0.9968929886817932,0.0778060257434845,0,0.009169001132249832,-0.07792102545499802,0.9969170093536377,0,0,0.11529900133609772,0,1,0.9999390244483948,0.01104699820280075,0.0005949996411800385,0,-0.010746997781097889,0.9572870135307312,0.2889379858970642,0,0.0026229999493807554,-0.28892698884010315,0.9573479890823364,0,-0.002848000032827258,0.1538030058145523,0,1,0.9994739890098572,-0.03223000094294548,0.0035620001144707203,0,0.03223000094294548,0.9994800090789795,0.000019999999494757503,0,-0.0035600000992417336,0.00009500000305706635,0.9999939799308777,0,0.0033289999701082706,0.12311100214719772,0,1,-0.965366005897522,-0.1800599992275238,0.18880100548267365,0,0.24362899363040924,-0.881056010723114,0.4054439961910248,0,0.09334000200033188,0.4373989999294281,0.8944100141525269,0,0.18957999348640442,-0.10629899799823761,-0.002274000085890293,1,0.96943598985672,-0.1415960043668747,-0.2003600001335144,0,-0.005453998688608408,0.8040099740028381,-0.5945910215377808,0,0.24528299272060394,0.5775110125541687,0.7786639928817749,0,0,0.621412992477417,0,1,0.9817590117454529,-0.06299400329589844,0.17938899993896484,0,-0.12191600352525711,0.5154240131378174,0.8482180237770081,0,-0.14589400589466095,-0.8546169996261597,0.49834299087524414,0,0,0.5902990102767944,0,1,0.9991980195045471,-0.03509000316262245,-0.019298994913697243,0,0.03927899897098541,0.7647590041160583,0.6431180238723755,0,-0.00780800636857748,-0.64336097240448,0.7655240297317505,0,0,0.3533110022544861,0,1,-0.9332709908485413,0.27412399649620056,-0.23207899928092957,0,-0.2717300057411194,-0.9614179730415344,-0.042868997901678085,0,-0.23487700521945953,0.023054001852869987,0.9717519879341125,0,-0.18957999348640442,-0.10629899799823761,0.0004490000137593597,1,0.9871630072593689,-0.05989300459623337,-0.1480579972267151,0,-0.036423999816179276,0.8181689977645874,-0.5738229751586914,0,0.1555040031671524,0.57184898853302,0.8054850101470947,0,0,0.6214759945869446,0,1,0.9552990198135376,0.26484400033950806,-0.13138100504875183,0,0.06799499690532684,0.2356570065021515,0.9694550037384033,0,0.28771498799324036,-0.9350529909133911,0.20711499452590942,0,0,0.5912700295448303,0,1,0.999235987663269,0.000011000000085914508,-0.039087001234292984,0,0.024450000375509262,0.7800310254096985,0.6252620220184326,0,0.03049599938094616,-0.6257399916648865,0.7794349789619446,0,0,0.3551889955997467,0,1
K0.100,0.7296890020370483,0.004029999952763319,0.6837670207023621,0,0.05075100064277649,0.9969050288200378,-0.060033999383449554,0,-0.681892991065979,0.07850799709558487,0.7272260189056396,0,0.005342999938875437,1.4291870594024658,-0.017506999894976616,1,0.9965829849243164,-0.015106000006198883,-0.08120600134134293,0,0.021625999361276627,0.9965580105781555,0.08003000169992447,0,0.0797170028090477,-0.08151199668645859,0.9934790134429932,0,0,0.1916009932756424,-0.003773000091314316,1,0.9862040281295776,-0.017123999074101448,-0.16464699804782867,0,0.049754999577999115,0.9793069958686829,0.19617100059986115,0,0.1578810065984726,-0.2016569972038269,0.9666479825973511,0,0,0.22357800602912903,0,1,0.9862040281295776,-0.017123999074101448,-0.16464699804782867,0,0.049754999577999115,0.9793069958686829,0.19617100059986115,0,0.1578810065984726,-0.2016569972038269,0.9666479825973511,0,0,0.25551798939704895,0,1,0.9997460246086121,0.004232000093907118,0.02213600091636181,0,-0.0030769999139010906,0.998645007610321,-0.05195700004696846,0,-0.022326000034809113,0.051876001060009,0.9984040260314941,0,0,0.2874569892883301,0,1,0.9375240206718445,-0.04199200123548508,-0.34537801146507263,0,0.0050050001591444016,0.9942150115966797,-0.107294000685215,0,0.34788501262664795,0.09886199980974197,0.9323099851608276,0,0,0.18890699744224548,-0.001353000057861209,1,-0.005375000182539225,0.026135999709367752,-0.9996439814567566,0,0.9071329832077026,-0.4205450117588043,-0.015873000025749207,0,-0.4208100140094757,-0.9068949818611145,-0.021448999643325806,0,0.10976900160312653,0.24802200496196747,-0.0017519999528303742,1,0.9696459770202637,0.020047999918460846,0.24368800222873688,0,-0.19122900068759918,0.6832529902458191,0.704695999622345,0,-0.15237300097942352,-0.7299060225486755,0.6663479804992676,0,0,0.24014000594615936,0,1,0.6643279790878296,0.7400559782981873,-0.10481099784374237,0,-0.7401779890060425,0.6708739995956421,0.04544699937105179,0,0.10394900292158127,0.04738700017333031,0.9934530258178711,0,0,0.5149400234222412,0,1,0.8581690192222595,-0.08943500369787216,-0.5055170059204102,0,-0.08303699642419815,0.9475589990615845,-0.30860400199890137,0,0.5066069960594177,0.30681100487709045,0.8057399988174438,0,0,0.4899899959564209,0,1,0.8668789863586426,0.464942991733551,-0.17985700070858002,0,-0.33623000979423523,0.8116679787635803,0.47764500975608826,0,0.36806198954582214,-0.35358700156211853,0.8599460124969482,0,-0.08815799653530121,0.05629799887537956,0,1,0.9806699752807617,0.19564999639987946,-0.0028119999915361404,0,-0.1956699937582016,0.9805830121040344,-0.013055999763309956,0,0.00020300000323913991,0.013353999704122543,0.9999110102653503,0,-0.008019999600946903,0.08329500257968903,0,1,0.9908159971237183,-0.13507500290870667,0.0061690001748502254,0,0.13507600128650665,0.9908350110054016,0.00017699999443721026,0,-0.006136000156402588,0.0006580000044777989,0.9999809861183167,0,0.010075000114738941,0.09423600137233734,0,1,0.9874550104141235,0.15718400478363037,0.015048000030219555,0,-0.15764300525188446,0.9868069887161255,0.03689400106668472,0,-0.009050000458955765,-0.03880300000309944,0.999206006526947,0,0,0.11396200209856033,0,1,0.9999970197677612,0.0014639999717473984,0.0018080000299960375,0,-0.0019109999993816018,0.9599589705467224,0.280133992433548,0,-0.0013249999610707164,-0.28013700246810913,0.9599589705467224,0,0.003410999896004796,0.1452070027589798,0,1,0.9995959997177124,0.028297999873757362,-0.0025939999613910913,0,-0.028297999873757362,0.9995999932289124,0,0,0.002592999953776598,0.00007300000288523734,0.9999970197677612,0,-0.0034280000254511833,0.12006200104951859,0,1,0.16152699291706085,-0.024466000497341156,0.9865649938583374,0,-0.880141019821167,-0.4557589888572693,0.13279999792575836,0,0.4463860094547272,-0.8897669911384583,-0.09515099972486496,0,-0.10976900160312653,0.24798400700092316,0.00019799999427050352,1,0.9035000205039978,0.416810005903244,-0.09978599846363068,0,-0.23761899769306183,0.6809210181236267,0.692736029624939,0,0.356685996055603,-0.6021760106086731,0.7142540216445923,0,0,0.24014000594615936,0,1,0.7408660054206848,-0.6656550168991089,-0.08956000208854675,0,0.6715480089187622,0.73648601770401,0.08131200075149536,0,0.01183400023728609,-0.12038599699735641,0.9926570057868958,0,0,0.5148659944534302,0,1,0.926692008972168,-0.24071699380874634,0.2886109948158264,0,0.1793770045042038,0.9581320285797119,0.2231770008802414,0,-0.33024999499320984,-0.1550460010766983,0.9310719966888428,0,0,0.48980000615119934,0,1,0.9239540100097656,-0.37554699182510376,-0.07262499630451202,0,0.3789530098438263,0.8729109764099121,0.3072800040245056,0,-0.05200299993157387,-0.3114340007305145,0.9488440155982971,0,0.07051199674606323,0.07619000226259232,0,1,0.9446859955787659,0.32788899540901184,0.007608000189065933,0,-0.32740798592567444,0.9414240121841431,0.08077699691057205,0,0.01932300068438053,-0.07880000025033951,0.996703028678894,0,0.01103300042450428,0.08231300115585327,0,1,0.9283609986305237,-0.37078601121902466,-0.02575100027024746,0,0.37072500586509705,0.9287139773368835,-0.007278000004589558,0,0.026613999158143997,-0.00279000005684793,0.999642014503479,0,0.010015999898314476,0.09537500143051147,0,1,0.9998869895935059,-0.011282999999821186,-0.00992599967867136,0,0.012004000134766102,0.9970390200614929,0.07595500349998474,0,0.009039999917149544,-0.07606499642133713,0.9970620274543762,0,0,0.11529900133609772,0,1,0.9999380111694336,0.011095999740064144,0.0006089999806135893,0,-0.010799000039696693,0.9572960138320923,0.288908988237381,0,0.002621999941766262,-0.2888979911804199,0.9573559761047363,0,-0.002848000032827258,0.1538030058145523,0,1,0.9994739890098572,-0.03223000094294548,0.003561000106856227,0,0.03223000094294548,0.9994800090789795,0.000019999999494757503,0,-0.0035600000992417336,0.00009500000305706635,0.9999939799308777,0,0.0033289999701082706,0.12311100214719772,0,1,-0.9653940200805664,-0.1800139993429184,0.1887039989233017,0,0.24349500238895416,-0.881309986114502,0.40497300028800964,0,0.09340599924325943,0.43690699338912964,0.894644021987915,0,0.18957999348640442,-0.10629899799823761,-0.002274000085890293,1,0.9694780111312866,-0.1412229984998703,-0.200422003865242,0,-0.005656000226736069,0.8043500185012817,-0.5941290259361267,0,0.24511399865150452,0.577127993106842,0.779000997543335,0,0,0.621412992477417,0,1,0.9817659854888916,-0.06297200173139572,0.17935800552368164,0,-0.12185200303792953,0.5157060027122498,0.8480560183525085,0,-0.14589999616146088,-0.8544480204582214,0.49862998723983765,0,0,0.5902990102767944,0,1,0.9992030262947083,-0.03451799973845482,-0.020069999620318413,0,0.03933899849653244,0.7648959755897522,0.6429510116577148,0,-0.0068419999442994595,-0.6432279944419861,0.7656440138816833,0,0,0.3533110022544861,0,1,-0.9332990050315857,0.27414101362228394,-0.23194700479507446,0,-0.2715829908847809,-0.961430013179779,-0.04354200139641762,0,-0.23493699729442596,0.02235499955713749,0.9717530012130737,0,-0.18957999348640442,-0.10629899799823761,0.0004490000137593597,1,0.9871479868888855,-0.05973000079393387,-0.14822900295257568,0,-0.03650499880313873,0.8187299966812134,-0.5730180144309998,0,0.15558600425720215,0.5710639953613281,0.8060259819030762,0,0,0.6214759945869446,0,1,0.9553300142288208,0.26467999815940857,-0.13149000704288483,0,0.06795299798250198,0.23627400398254395,0.969307005405426,0,0.2876240015029907,-0.9349430203437805,0.20773400366306305,0,0,0.5912700295448303,0,1,0.9992349743843079,-0.00000399999953515362,-0.03909900039434433,0,0.024468999356031418,0.7800319790840149,0.6252610087394714,0,0.03049599938094616,-0.6257389783859253,0.7794359922409058,0,0,0.3551889955997467,0,1
