1.067,30,32,25
B0,mixamorig_Hips,-1,0.9452279806137085,0.18866696953773499,0.2650194764137268,0,-0.23971450328826904,0.9544327855110168,0.1743285059928894,0,-0.2195379137992859,-0.22860413789749146,0.9480221271514893,0,-0.049347586929798126,1.014540672302246,0.046079494059085846,1
B1,mixamorig_Spine,0,0.999986469745636,-0.0024979414884001017,-0.0013352078385651112,0,0.0026530087925493717,0.9920318722724915,0.12533484399318695,0,0.0010615764185786247,-0.12533634901046753,0.9920440316200256,0,0,0.19666999578475952,-0.004044000059366226,1
B2,mixamorig_Spine1,1,0.999736487865448,-0.003982772585004568,-0.021326681599020958,0,0.01002461463212967,0.9572306871414185,0.2881118059158325,0,0.019432922825217247,-0.2882460653781891,0.9570672512054443,0,0,0.2294970005750656,0,1
B3,mixamorig_Spine2,2,0.999736487865448,-0.003982772585004568,-0.021326681599020958,0,0.01002461463212967,0.9572306871414185,0.2881118059158325,0,0.019432922825217247,-0.2882460653781891,0.9570672512054443,0,0,0.26228201389312744,0,1
B4,mixamorig_Neck,3,0.9974111318588257,-0.0516318678855896,0.04758996143937111,0,0.06497365981340408,0.9396042823791504,-0.3346422016620636,0,-0.027713220566511154,0.3368024528026581,0.9406300187110901,0,0,0.29506799578666687,0,1
B5,mixamorig_Head,4,0.9944151043891907,-0.0020274582784622908,0.10354000329971313,0,0.03034135513007641,0.9595020413398743,-0.25976064801216125,0,-0.09721549600362778,0.26170772314071655,0.9545580148696899,0,0,0.3114889860153198,-0.002174000022932887,1
B6,mixamorig_HeadTop_End,5,1,0,0,0,0,1,0,0,0,0,1,0,0,0.9714379906654358,-0.006781000178307295,1
B7,mixamorig_LeftShoulder,3,0.15541380643844604,-0.04342624545097351,-0.9868788719177246,0,0.8693373799324036,-0.46843042969703674,0.15750423073768616,0,-0.46911531686782837,-0.8824261426925659,-0.03505505248904228,0,0.10776299983263016,0.25653600692749023,-0.0015020000282675028,1
B8,mixamorig_LeftArm,7,0.33327141404151917,0.9009109139442444,0.27768269181251526,0,-0.8443578481674194,0.4163239598274231,-0.33594319224357605,0,-0.4182610809803009,-0.12260965257883072,0.8994376063346863,0,0,0.22697299718856812,0,1
B9,mixamorig_LeftForeArm,8,0.9375675916671753,0.03138914704322815,-0.34610846638679504,0,-0.013359368778765202,0.9983391761779785,0.054369647055864334,0,0.3473280966281891,-0.04640206694602966,0.9365880489349365,0,0,0.6162840127944946,0,1
B10,mixamorig_LeftHand,9,1,0,0,0,0,1,0,0,0,0,1,0,0,0.43313300609588623,0,1
B11,mixamorig_RightShoulder,3,0.01866023801267147,0.03797684237360954,0.9989545941352844,0,-0.8264088034629822,-0.5614114999771118,0.0366450697183609,0,0.5622432827949524,-0.8265023231506348,0.020657682791352272,0,-0.10776299983263016,0.2565059959888458,-0.00008399999933317304,1
B12,mixamorig_RightArm,11,0.9810463190078735,-0.08309675753116608,-0.16336624324321747,0,0.13005484640598297,0.9425055384635925,0.30111396312713623,0,0.13033117353916168,-0.3176235854625702,0.9391041994094849,0,0,0.22697299718856812,0,1
B13,mixamorig_RightForeArm,12,0.9537565112113953,-0.2075345665216446,0.21249966323375702,0,0.18185298144817352,0.973039984703064,0.13409869372844696,0,-0.23491321504116058,-0.08947736769914627,0.9678801894187927,0,0,0.6160339713096619,0,1
B14,mixamorig_RightHand,13,1,0,0,0,0,1,0,0,0,0,1,0,0,0.4333229959011078,0,1
B15,mixamorig_LeftUpLeg,0,-0.9922053217887878,-0.0689818412065506,-0.10292226076126099,0,-0.09167005866765976,-0.13709862530231476,0.9840551614761353,0,-0.08216557651758194,0.9858188629150391,0.1296553611755371,0,0.18921500444412231,-0.10932400077581406,-0.002968000015243888,1
B16,mixamorig_LeftLeg,15,0.9182011485099792,-0.38863351941108704,0.07336126267910004,0,0.0513521172106266,-0.06740259379148483,-0.9953373074531555,0,0.39272135496139526,0.9177360534667969,-0.04205037280917168,0,0,0.6271359920501709,0,1
B17,mixamorig_LeftFoot,16,0.985512912273407,0.030102897435426712,0.16684702038764954,0,-0.16954505443572998,0.15669140219688416,0.9729467630386353,0,0.00313955289311707,-0.9871403574943542,0.159526988863945,0,0,0.5575649738311768,0,1
B18,mixamorig_LeftToeBase,17,0.998990535736084,-0.03832559660077095,0.023131784051656723,0,0.015414316207170486,0.7794849872589111,0.6262243986129761,0,-0.04202914610505104,-0.6252341270446777,0.7792906761169434,0,0,0.3533110022544861,0,1
B19,mixamorig_LeftToe_End,18,1,0,0,0,0,1,0,0,0,0,1,0,0,0.13574400544166565,0,1
B20,mixamorig_RightUpLeg,0,-0.5940471887588501,0.44788679480552673,-0.6677194237709045,0,-0.70067298412323,-0.6891389489173889,0.1643507480621338,0,-0.38654282689094543,0.5654890537261963,0.7231985330581665,0,-0.18921500444412231,-0.10932400077581406,0.00007899999764049426,1
B21,mixamorig_RightLeg,20,0.991415798664093,-0.12743601202964783,0.004491085186600685,0,-0.019771991297602654,-0.17639794945716858,-0.9796645045280457,0,0.12782318890094757,0.9715006351470947,-0.17710468173027039,0,0,0.6272590160369873,0,1
B22,mixamorig_RightFoot,21,0.818717360496521,0.4746630787849426,0.3197641372680664,0,-0.1176404133439064,-0.4077489972114563,0.9051482677459717,0,0.5600059628486633,-0.7795478701591492,-0.2773836851119995,0,0,0.5584380030632019,0,1
B23,mixamorig_RightToeBase,22,0.9881205558776855,-0.011280300095677376,-0.15289855003356934,0,0.13688918948173523,0.5171359181404114,0.843192994594574,0,0.06930294632911682,-0.8541458249092102,0.512549102306366,0,0,0.3551889955997467,0,1
B24,mixamorig_RightToe_End,23,1,0,0,0,0,1,0,0,0,0,1,0,0,0.13565100729465485,0,1
@20,0,1,2,3,4,5,7,8,9,11,12,13,15,16,17,18,20,21,22,23
K0.000,0.8168690204620361,0.24023699760437012,0.5244160294532776,0,-0.021740999072790146,0.9213209748268127,-0.3881950080394745,0,-0.5764139890670776,0.3057030141353607,0.7578210234642029,0,-0.07758499681949615,2.310343027114868,-0.14006400108337402,1,0.9976819753646851,-0.06775300204753876,-0.006384999956935644,0,0.06735099852085114,0.9696040153503418,0.23522700369358063,0,-0.009746000170707703,-0.23511099815368652,0.9719200134277344,0,0,0.19666999578475952,-0.004044000059366226,1,0.9927099943161011,-0.11564599722623825,-0.033941999077796936,0,0.1173119992017746,0.8625540137290955,0.4921779930591583,0,-0.02764200046658516,-0.49257200956344604,0.8698329925537109,0,0,0.2294970005750656,0,1,0.9927099943161011,-0.11564599722623825,-0.033941999077796936,0,0.1173119992017746,0.8625540137290955,0.4921779930591583,0,-0.02764200046658516,-0.49257200956344604,0.8698329925537109,0,0,0.26228201389312744,0,1,0.9905380010604858,-0.10927499830722809,-0.0830250009894371,0,0.11318700015544891,0.9926009774208069,0.04395199939608574,0,0.07760799676179886,-0.05293300002813339,0.9955779910087585,0,0,0.29506799578666687,0,1,0.9914659857749939,0.03181599825620651,-0.12642599642276764,0,-0.026910999789834023,0.9988240003585815,0.04031899943947792,0,0.12756000459194183,-0.03657199814915657,0.9911559820175171,0,0,0.3114889860153198,-0.002174000022932887,1,-0.042771998792886734,-0.07197000086307526,-0.9964889883995056,0,0.9469810128211975,-0.32081401348114014,-0.017477000132203102,0,-0.31843000650405884,-0.9444040060043335,0.0818760022521019,0,0.10776299983263016,0.25653600692749023,-0.0015020000282675028,1,0.8723819851875305,0.03773200139403343,0.4873659908771515,0,0.15832899510860443,0.9214590191841125,-0.354746013879776,0,-0.4624730050563812,0.38663798570632935,0.7978910207748413,0,0,0.22697299718856812,0,1,0.9337009787559509,0.30341699719429016,0.19010500609874725,0,-0.32858800888061523,0.937034010887146,0.11830800026655197,0,-0.14223900437355042,-0.1729310005903244,0.9746090173721313,0,0,0.6162840127944946,0,1,-0.22448299825191498,0.09181799739599228,0.9701430201530457,0,-0.9284970164299011,-0.3223550021648407,-0.18433800339698792,0,0.2958050072193146,-0.9421550035476685,0.1576160043478012,0,-0.10776299983263016,0.2565059959888458,-0.00008399999933317304,1,0.8883050084114075,0.10257600247859955,-0.4476509988307953,0,-0.23839500546455383,0.9361169934272766,-0.2585580050945282,0,0.39253199100494385,0.3363960087299347,0.8560119867324829,0,0,0.22697299718856812,0,1,0.8822280168533325,-0.4653480052947998,-0.07159200310707092,0,0.46846601366996765,0.8827990293502808,0.03470899909734726,0,0.04704900085926056,-0.06415999680757523,0.9968299865722656,0,0,0.6160339713096619,0,1,-0.9416980147361755,-0.022112000733613968,0.33573099970817566,0,0.32153400778770447,-0.3530319929122925,0.8786259889602661,0,0.09909500181674957,0.9353500008583069,0.33955898880958557,0,0.18921500444412231,-0.10932400077581406,-0.002968000015243888,1,0.9994189739227295,-0.01476799976080656,0.030733000487089157,0,0.01760300062596798,-0.5484600067138672,-0.8359910249710083,0,0.029201999306678772,0.8360459804534912,-0.547881007194519,0,0,0.6271359920501709,0,1,0.9707940220832825,-0.16337500512599945,0.17569300532341003,0,-0.05519400164484978,0.5605840086936951,0.8262559771537781,0,-0.2334810048341751,-0.8118209838867188,0.5351939797401428,0,0,0.5575649738311768,0,1,0.9997119903564453,-0.0010479999473318458,0.02399200014770031,0,-0.014204000122845173,0.7797639966011047,0.6259120106697083,0,-0.019363999366760254,-0.6260719895362854,0.779524028301239,0,0,0.3533110022544861,0,1,-0.9099169969558716,0.04847700148820877,-0.41194799542427063,0,-0.39715299010276794,-0.3883480131626129,0.8315380215644836,0,-0.11966899782419205,0.9202370047569275,0.3726170063018799,0,-0.18921500444412231,-0.10932400077581406,0.00007899999764049426,1,0.9653530120849609,0.2021459937095642,-0.1650169938802719,0,0.0007849999819882214,-0.6346210241317749,-0.7728229761123657,0,-0.26094600558280945,0.7459179759025574,-0.6127920150756836,0,0,0.6272590160369873,0,1,0.9641349911689758,0.17734800279140472,-0.19746099412441254,0,-0.07288199663162231,0.892287015914917,0.4455460011959076,0,0.2552089989185333,-0.41517600417137146,0.8732110261917114,0,0,0.5584380030632019,0,1,0.9998940229415894,-0.001673000049777329,-0.014436000026762486,0,0.0095229996368289,0.8258100152015686,0.56386798620224,0,0.010978000238537788,-0.5639449954032898,0.8257390260696411,0,0,0.3551889955997467,0,1
K0.033,0.8321360945701599,0.22205385565757751,0.5081748962402344,0,-0.015867158770561218,0.9254961013793945,-0.37842559814453125,0,-0.5543448328971863,0.30683863162994385,0.7736622095108032,0,-0.07896194607019424,2.2665274143218994,-0.13562385737895966,1,0.9981099963188171,-0.06139690428972244,-0.0026299646124243736,0,0.060335900634527206,0.9709330797195435,0.2316228300333023,0,-0.011668004095554352,-0.2313438355922699,0.9728020429611206,0,0,0.19666999578475952,-0.004044000059366226,1,0.9942409992218018,-0.10440684109926224,-0.024175895377993584,0,0.10294782370328903,0.8677741885185242,0.4861777424812317,0,-0.02978098765015602,-0.4858666956424713,0.8735252022743225,0,0,0.2294970005750656,0,1,0.9942409992218018,-0.10440684109926224,-0.024175895377993584,0,0.10294782370328903,0.8677741885185242,0.4861777424812317,0,-0.02978098765015602,-0.4858666956424713,0.8735252022743225,0,0,0.26228201389312744,0,1,0.9885069727897644,-0.12192992866039276,-0.08936800062656403,0,0.12501491606235504,0.9917089939117432,0.029752835631370544,0,0.08499902486801147,-0.040583834052085876,0.9955539703369141,0,0,0.29506799578666687,0,1,0.9889860153198242,0.0526629239320755,-0.13832218945026398,0,-0.045307911932468414,0.9974139928817749,0.055792033672332764,0,0.14090318977832794,-0.04891003668308258,0.9888149499893188,0,0,0.3114889860153198,-0.002174000022932887,1,-0.018800826743245125,-0.07180196791887283,-0.9972419738769531,0,0.9423140287399292,-0.3346690237522125,0.006331156939268112,0,-0.33420103788375854,-0.9395959973335266,0.07395191490650177,0,0.10776299983263016,0.25653600692749023,-0.0015020000282675028,1,0.8643909692764282,0.11595148593187332,0.4892680048942566,0,0.12387683987617493,0.8939487338066101,-0.43070951104164124,0,-0.4873221814632416,0.43291032314300537,0.7583577036857605,0,0,0.22697299718856812,0,1,0.9394238591194153,0.3213305175304413,0.11929052323102951,0,-0.335739403963089,0.9327307939529419,0.1315031349658966,0,-0.069010429084301,-0.16358698904514313,0.984112024307251,0,0,0.6162840127944946,0,1,-0.225477933883667,0.09509097784757614,0.9695960283279419,0,-0.9324300289154053,-0.3095160126686096,-0.18647995591163635,0,0.28237301111221313,-0.9461280107498169,0.15845495462417603,0,-0.10776299983263016,0.2565059959888458,-0.00008399999933317304,1,0.8876670598983765,0.06502185761928558,-0.4558708965778351,0,-0.2117229700088501,0.9367638826370239,-0.2786523401737213,0,0.4089249074459076,0.34386926889419556,0.8453009128570557,0,0,0.22697299718856812,0,1,0.8669658303260803,-0.4983302056789398,-0.006103087216615677,0,0.4982222020626068,0.8663508892059326,0.034795112907886505,0,-0.012051845900714397,-0.03320661559700966,0.9993759393692017,0,0,0.6160339713096619,0,1,-0.9432960748672485,-0.035384949296712875,0.33006182312965393,0,0.3188037574291229,-0.37365445494651794,0.8710609078407288,0,0.09250712394714355,0.9268928170204163,0.36374741792678833,0,0.18921500444412231,-0.10932400077581406,-0.002968000015243888,1,0.999222993850708,-0.0240264181047678,0.03123421035706997,0,0.013288028538227081,-0.5407642126083374,-0.8410694599151611,0,0.03709745407104492,0.8408313989639282,-0.5400251746177673,0,0,0.6271359920501709,0,1,0.9779050350189209,-0.11185658723115921,0.17660798132419586,0,-0.08405018597841263,0.5631421208381653,0.8220738768577576,0,-0.19140967726707458,-0.8187539577484131,0.5412981510162354,0,0,0.5575649738311768,0,1,0.9997590184211731,0.0024080241564661264,0.02184293419122696,0,-0.015554978512227535,0.7796449661254883,0.6260290741920471,0,-0.015521933324635029,-0.6262170672416687,0.7794939279556274,0,0,0.3533110022544861,0,1,-0.9184549450874329,0.04056748002767563,-0.39343902468681335,0,-0.3719331622123718,-0.42699047923088074,0.8242236375808716,0,-0.134557843208313,0.9033457040786743,0.40726062655448914,0,-0.18921500444412231,-0.10932400077581406,0.00007899999764049426,1,0.9717439413070679,0.18409010767936707,-0.1477331668138504,0,0.000797791697550565,-0.6284446120262146,-0.7778533697128296,0,-0.23603717982769012,0.7557563185691833,-0.610834538936615,0,0,0.6272590160369873,0,1,0.9570679068565369,0.19909943640232086,-0.21066518127918243,0,-0.08713916689157486,0.8907817602157593,0.4459974467754364,0,0.2764544188976288,-0.4084933400154114,0.8698887228965759,0,0,0.5584380030632019,0,1,0.9998859763145447,-0.0029420407954603434,-0.01478401105850935,0,0.01073203980922699,0.8276810050010681,0.5610959529876709,0,0.010585987009108067,-0.5611909627914429,0.8276180028915405,0,0,0.3551889955997467,0,1
K0.067,0.8442388772964478,0.20728814601898193,0.49425914883613586,0,-0.031655844300985336,0.9398568868637085,-0.34009838104248047,0,-0.5350311994552612,0.2714773714542389,0.8000257611274719,0,-0.07407205551862717,2.214003562927246,-0.1213451400399208,1,0.9986559748649597,-0.05182909592986107,0.0009079648298211396,0,0.050412096083164215,0.975132942199707,0.21581216156482697,0,-0.012069996446371078,-0.2154761701822281,0.9764339327812195,0,0,0.19666999578475952,-0.004044000059366226,1,0.9959579706192017,-0.08877015858888626,-0.01369310449808836,0,0.08516518026590347,0.8848658204078674,0.457994282245636,0,-0.02854001335799694,-0.4573093056678772,0.8888497948646545,0,0,0.2294970005750656,0,1,0.9959579706192017,-0.08877015858888626,-0.01369310449808836,0,0.08516518026590347,0.8848668336868286,0.4579932689666748,0,-0.02854001335799694,-0.457308292388916,0.8888497948646545,0,0,0.26228201389312744,0,1,0.9893440008163452,-0.11477307230234146,-0.08958899974822998,0,0.11642008274793625,0.9931100010871887,0.013364163227379322,0,0.0874369740486145,-0.02365116775035858,0.9958890080451965,0,0,0.29506799578666687,0,1,0.9863489866256714,0.045329075306653976,-0.1583058089017868,0,-0.03636809065937996,0.9975919723510742,0.05905196815729141,0,0.16060180962085724,-0.052488964051008224,0.9856230616569519,0,0,0.3114889860153198,-0.002174000022932887,1,-0.0014321726048365235,-0.06912002712488174,-0.9976069927215576,0,0.9411540031433105,-0.3372609615325928,0.022016843780875206,0,-0.33797597885131836,-0.9388700127601624,0.06553608179092407,0,0.10776299983263016,0.25653600692749023,-0.0015020000282675028,1,0.8563220500946045,0.16425351798534393,0.4896250069141388,0,0.10803915560245514,0.8701202273368835,-0.480850487947464,0,-0.5050148367881775,0.4646616578102112,0.7273582816123962,0,0,0.22697299718856812,0,1,0.9260871410369873,0.37048253417015076,0.07144447416067123,0,-0.3771325945854187,0.9147011637687683,0.1452338695526123,0,-0.011543571017682552,-0.16144300997257233,0.9868149757385254,0,0,0.6162840127944946,0,1,-0.21933305263519287,0.09299002587795258,0.9712089896202087,0,-0.9337260127067566,-0.30867698788642883,-0.18131303787231445,0,0.2829299867153168,-0.9466099739074707,0.15453004837036133,0,-0.10776299983263016,0.2565059959888458,-0.00008399999933317304,1,0.8925079107284546,0.05088113993406296,-0.4481530785560608,0,-0.2092130333185196,0.9269590973854065,-0.31141066551208496,0,0.3995741009712219,0.37169572710990906,0.8379630446434021,0,0,0.22697299718856812,0,1,0.8500902056694031,-0.5197137594223022,0.0851120874285698,0,0.5177068114280701,0.8543251156806946,0.045912887901067734,0,-0.09657515585422516,0.0050336201675236225,0.9953130483627319,0,0,0.6160339713096619,0,1,-0.9494349360466003,-0.030261050909757614,0.3125031888484955,0,0.29589325189590454,-0.41905954480171204,0.8583921194076538,0,0.10498087108135223,0.9074541926383972,0.4068235754966736,0,0.18921500444412231,-0.10932400077581406,-0.002968000015243888,1,0.9964669942855835,-0.0657355859875679,0.052276790142059326,0,0.016183972358703613,-0.4604858160018921,-0.8875195384025574,0,0.08241455256938934,0.8852295875549316,-0.45779481530189514,0,0,0.6271359920501709,0,1,0.9819689393043518,-0.07127140462398529,0.17509400844573975,0,-0.10247181355953217,0.5776578783988953,0.8098211288452148,0,-0.15886132419109344,-0.813162088394165,0.5599388480186462,0,0,0.5575649738311768,0,1,0.999871015548706,0.004820975940674543,0.015323065221309662,0,-0.013408021070063114,0.7757670879364014,0.6308779120445251,0,-0.00884606596082449,-0.6310019493103027,0.775731086730957,0,0,0.3533110022544861,0,1,-0.9141960740089417,0.08870352059602737,-0.39544597268104553,0,-0.38782185316085815,-0.47471851110458374,0.7900863289833069,0,-0.11764217168092728,0.8756563067436218,0.4683864116668701,0,-0.18921500444412231,-0.10932400077581406,0.00007899999764049426,1,0.9671290516853333,0.19429489970207214,-0.16404283046722412,0,-0.020022792741656303,-0.5849243998527527,-0.8108406662940979,0,-0.25349482893943787,0.7874727249145508,-0.5618074536323547,0,0,0.6272590160369873,0,1,0.9427810907363892,0.24260057508945465,-0.2287118285894394,0,-0.1031668409705162,0.8645722270011902,0.4918045401573181,0,0.3170495927333832,-0.44006866216659546,0.8401302695274353,0,0,0.5584380030632019,0,1,0.9998480081558228,-0.007018959615379572,-0.01592898927628994,0,0.014713960699737072,0.8297079801559448,0.5580030679702759,0,0.009300013072788715,-0.5581530332565308,0.8296859860420227,0,0,0.3551889955997467,0,1
K0.100,0.8535850048065186,0.19374799728393555,0.483585000038147,0,-0.06050499901175499,0.958856999874115,-0.2773680090904236,0,-0.5174279808998108,0.2074979990720749,0.830187976360321,0,-0.06799600273370743,2.151129961013794,-0.09901099652051926,1,0.9991160035133362,-0.04153899848461151,0.006513999309390783,0,0.039538998156785965,0.9808859825134277,0.1905210018157959,0,-0.014302999712526798,-0.19009500741958618,0.9816610217094421,0,0,0.19666999578475952,-0.004044000059366226,1,0.9973459839820862,-0.07280799746513367,0.0007239993428811431,0,0.06605000048875809,0.9088630080223083,0.4118329882621765,0,-0.030642999336123466,-0.4106920063495636,0.9112589955329895,0,0,0.2294970005750656,0,1,0.9973459839820862,-0.07280799746513367,0.0007249993504956365,0,0.0660490021109581,0.9088619947433472,0.4118329882621765,0,-0.030642999336123466,-0.4106920063495636,0.9112589955329895,0,0,0.26228201389312744,0,1,0.9906070232391357,-0.10320299863815308,-0.08970700204372406,0,0.10307200253009796,0.9946550130844116,-0.006106999237090349,0,0.08985800296068192,-0.003197000827640295,0.9959489703178406,0,0,0.29506799578666687,0,1,0.9826580286026001,0.028342999517917633,-0.18324799835681915,0,-0.014862000942230225,0.997107982635498,0.0745289996266365,0,0.18482999503612518,-0.07051300257444382,0.9802380204200745,0,0,0.3114889860153198,-0.002174000022932887,1,0.011039999313652515,-0.06613600254058838,-0.9977499842643738,0,0.9410340189933777,-0.33672401309013367,0.03273199871182442,0,-0.33812999725341797,-0.9392780065536499,0.05851899832487106,0,0.10776299983263016,0.25653600692749023,-0.0015020000282675028,1,0.8467559814453125,0.21866600215435028,0.48496299982070923,0,0.08383700251579285,0.8453750014305115,-0.5275539755821228,0,-0.5253340005874634,0.48736700415611267,0.6974939703941345,0,0,0.22697299718856812,0,1,0.9087610244750977,0.416253000497818,0.029785001650452614,0,-0.4153450131416321,0.8952280282974243,0.1614149957895279,0,0.04052499681711197,-0.15905900299549103,0.9864370226860046,0,0,0.6162840127944946,0,1,-0.20430199801921844,0.08654899895191193,0.9750739932060242,0,-0.931306004524231,-0.3240230083465576,-0.16637000441551208,0,0.30154699087142944,-0.9420819878578186,0.14680199325084686,0,-0.10776299983263016,0.2565059959888458,-0.00008399999933317304,1,0.9087989926338196,0.04328300058841705,-0.41498398780822754,0,-0.20714899897575378,0.9101709723472595,-0.3587160110473633,0,0.3621799945831299,0.4119639992713928,0.8361290097236633,0,0,0.22697299718856812,0,1,0.8298029899597168,-0.5214499831199646,0.19878700375556946,0,0.5156319737434387,0.8526589870452881,0.08424200117588043,0,-0.21342499554157257,0.03259599953889847,0.9764149785041809,0,0,0.6160339713096619,0,1,-0.9572319984436035,-0.02112700045108795,0.28854900598526,0,0.26383399963378906,-0.47304201126098633,0.8406090140342712,0,0.11873599886894226,0.8807870149612427,0.45838499069213867,0,0.18921500444412231,-0.10932400077581406,-0.002968000015243888,1,0.9881939888000488,-0.13349899649620056,0.07517600059509277,0,0.03125699982047081,-0.3046819865703583,-0.9519410133361816,0,0.14998799562454224,0.9430519938468933,-0.2969120144844055,0,0,0.6271359920501709,0,1,0.9842780232429504,-0.040752001106739044,0.1718589961528778,0,-0.112807996571064,0.6036580204963684,0.789222002029419,0,-0.13590699434280396,-0.7962009906768799,0.5895699858665466,0,0,0.5575649738311768,0,1,0.9998930096626282,0.0026990000624209642,0.014371000230312347,0,-0.01117399986833334,0.7750070095062256,0.6318539977073669,0,-0.009432000108063221,-0.6319469809532166,0.7749540209770203,0,0,0.3533110022544861,0,1,-0.8942099809646606,0.15626099705696106,-0.4194889962673187,0,-0.4347209930419922,-0.5267050266265869,0.7304790019989014,0,-0.10680200159549713,0.835561990737915,0.5389149785041809,0,-0.18921500444412231,-0.10932400077581406,0.00007899999764049426,1,0.9484959840774536,0.24956899881362915,-0.1951179951429367,0,-0.0473329983651638,-0.4973610043525696,-0.8662520051002502,0,-0.31323400139808655,0.8308719992637634,-0.45993098616600037,0,0,0.6272590160369873,0,1,0.9260380268096924,0.2885049879550934,-0.24334700405597687,0,-0.11158499866724014,0.8252009749412537,0.5537070035934448,0,0.36055800318717957,-0.48559999465942383,0.7963610291481018,0,0,0.5584380030632019,0,1,0.9997490048408508,-0.013282000087201595,-0.018045999109745026,0,0.02107599936425686,0.83085697889328,0.5560870170593262,0,0.007608000189065933,-0.5563269853591919,0.8309280276298523,0,0,0.3551889955997467,0,1
K0.133,0.8620861768722534,0.17158962786197662,0.47682780027389526,0,-0.08575408905744553,0.9767560958862305,-0.19645211100578308,0,-0.49945366382598877,0.12846823036670685,0.8567622303962708,0,-0.06504900008440018,2.072709798812866,-0.06959855556488037,1,0.9994140267372131,-0.03149190545082092,0.013415012508630753,0,0.028970912098884583,0.9869390726089478,0.15846563875675201,0,-0.01822999119758606,-0.1579846441745758,0.9872730374336243,0,0,0.19666999578475952,-0.004044000059366226,1,0.9981930255889893,-0.05754585191607475,0.017282048240303993,0,0.047799866646528244,0.934823215007782,0.3518803119659424,0,-0.03640497103333473,-0.3504183292388916,0.9358852505683899,0,0,0.2294970005750656,0,1,0.9981930255889893,-0.05754585191607475,0.017282048240303993,0,0.047799866646528244,0.934823215007782,0.3518803119659424,0,-0.03640497103333473,-0.3504193127155304,0.9358852505683899,0,0,0.26228201389312744,0,1,0.9908660054206848,-0.09814494103193283,-0.0924769937992096,0,0.09632392227649689,0.995061993598938,-0.023960141465067863,0,0.09437199681997299,0.014834146946668625,0.9954259991645813,0,0,0.29506799578666687,0,1,0.9773279428482056,0.02253616228699684,-0.2105291783809662,0,0.0030830486211925745,0.9926989078521729,0.12057579308748245,0,0.21170920133590698,-0.1184917762875557,0.9701228141784668,0,0,0.3114889860153198,-0.002174000022932887,1,0.015320000238716602,-0.06427299231290817,-0.9978150129318237,0,0.9368999004364014,-0.34765729308128357,0.0367790162563324,0,-0.3492612838745117,-0.9354158639907837,0.05489097908139229,0,0.10776299983263016,0.25653600692749023,-0.0015020000282675028,1,0.8327436447143555,0.3125734329223633,0.4569854438304901,0,0.016385730355978012,0.8111164569854736,-0.5846555829048157,0,-0.5534164309501648,0.4943557381629944,0.6703298091888428,0,0,0.22697299718856812,0,1,0.8980019688606262,0.43937602639198303,-0.023253729566931725,0,-0.42838287353515625,0.8851490020751953,0.18165820837020874,0,0.10039974749088287,-0.15316888689994812,0.9830869436264038,0,0,0.6162840127944946,0,1,-0.1829477846622467,0.07751289755105972,0.9800620675086975,0,-0.9248698949813843,-0.3516223430633545,-0.14483578503131866,0,0.3333854079246521,-0.9329268932342529,0.13601787388324738,0,-0.10776299983263016,0.2565059959888458,-0.00008399999933317304,1,0.9326132535934448,0.03477614372968674,-0.35919731855392456,0,-0.1865358054637909,0.8985190391540527,-0.39732497930526733,0,0.30892834067344666,0.43755388259887695,0.844458281993866,0,0,0.22697299718856812,0,1,0.8019766807556152,-0.5160501003265381,0.3008745610713959,0,0.49626585841178894,0.8559299111366272,0.1452716588973999,0,-0.3324958384037018,0.03280876576900482,0.9425337314605713,0,0,0.6160339713096619,0,1,-0.9632081389427185,-0.024464190006256104,0.267640620470047,0,0.23857362568378448,-0.536357045173645,0.8095703125,0,0.1237449049949646,0.8436362147331238,0.5224601030349731,0,0.18921500444412231,-0.10932400077581406,-0.002968000015243888,1,0.9804609417915344,-0.18394647538661957,0.0697193369269371,0,0.05673414096236229,-0.07494540512561798,-0.9955715537071228,0,0.18835732340812683,0.9800745248794556,-0.0630454421043396,0,0,0.6271359920501709,0,1,0.9856259822845459,-0.024161266162991524,0.16720595955848694,0,-0.1128786951303482,0.6421935558319092,0.7581855654716492,0,-0.12569724023342133,-0.7661615014076233,0.630235493183136,0,0,0.5575649738311768,0,1,0.9996979832649231,-0.004762082360684872,0.024108150973916054,0,-0.011330023407936096,0.7812591195106506,0.6241039037704468,0,-0.021807171404361725,-0.6241888999938965,0.7809691429138184,0,0,0.3533110022544861,0,1,-0.8581182956695557,0.22888007760047913,-0.4596165418624878,0,-0.49747976660728455,-0.5921520590782166,0.6339309215545654,0,-0.127068892121315,0.7726375460624695,0.6219992637634277,0,-0.18921500444412231,-0.10932400077581406,0.00007899999764049426,1,0.9317270517349243,0.29364755749702454,-0.21366916596889496,0,-0.10171012580394745,-0.35381338000297546,-0.929768443107605,0,-0.34862416982650757,0.8880237936973572,-0.2997913062572479,0,0,0.6272590160369873,0,1,0.9177249670028687,0.30563122034072876,-0.25371497869491577,0,-0.09197881072759628,0.7848793864250183,0.6127837300300598,0,0.38642218708992004,-0.5390296578407288,0.7484154105186462,0,0,0.5584380030632019,0,1,0.9999309778213501,-0.007756934966892004,-0.008817888796329498,0,0.011297885328531265,0.8403270840644836,0.5419619083404541,0,0.0032059422228485346,-0.5420238971710205,0.8403570652008057,0,0,0.3551889955997467,0,1
K0.167,0.8790398240089417,0.1339973658323288,0.4575291872024536,0,-0.09485191106796265,0.9896588921546936,-0.10760588943958282,0,-0.4672163426876068,0.05119277164340019,0.8826597332954407,0,-0.06525000184774399,1.9504151344299316,-0.025032445788383484,1,0.9996470212936401,-0.022163093090057373,0.014619987457990646,0,0.020196087658405304,0.9921829700469971,0.12314435094594955,0,-0.017235008999705315,-0.12280534952878952,0.9922809600830078,0,0,0.19666999578475952,-0.004044000059366226,1,0.9988449811935425,-0.0426691472530365,0.0220839511603117,0,0.034646131098270416,0.9581317901611328,0.28422367572784424,0,-0.03328702971339226,-0.2831306755542755,0.958503782749176,0,0,0.2294970005750656,0,1,0.9988449811935425,-0.0426691472530365,0.0220839511603117,0,0.034646131098270416,0.9581317901611328,0.28422367572784424,0,-0.03328702971339226,-0.2831306755542755,0.958503782749176,0,0,0.26228201389312744,0,1,0.9914990067481995,-0.09237705916166306,-0.09163101017475128,0,0.08922207355499268,0.9952880144119263,-0.03796085715293884,0,0.09470599889755249,0.02946285530924797,0.9950690269470215,0,0,0.29506799578666687,0,1,0.9726640582084656,0.038584839552640915,-0.22898681461811066,0,0.007923951372504234,0.9800100922584534,0.19879022240638733,0,0.23207978904247284,-0.19517023861408234,0.9529151916503906,0,0,0.3114889860153198,-0.002174000022932887,1,0.015306999906897545,-0.06337900459766388,-0.997871994972229,0,0.9248921275138855,-0.37830469012260437,0.03821598365902901,0,-0.37992170453071594,-0.9235091209411621,0.052828021347522736,0,0.10776299983263016,0.25653600692749023,-0.0015020000282675028,1,0.7959603667259216,0.4535005986690521,0.40097856521606445,0,-0.10979174077510834,0.7595575451850891,-0.6411064863204956,0,-0.5953086018562317,0.4662712812423706,0.6543691754341125,0,0,0.22697299718856812,0,1,0.8921090364456177,0.4415539801120758,-0.09576627612113953,0,-0.41687312722206116,0.8861430287361145,0.20240278542041779,0,0.17423327267169952,-0.14064311981201172,0.9746090769767761,0,0,0.6162840127944946,0,1,-0.16282919049263,0.0671171024441719,0.9843689203262329,0,-0.9131340980529785,-0.3881576359272003,-0.12458020448684692,0,0.37372857332229614,-0.9191461205482483,0.12449011206626892,0,-0.10776299983263016,0.2565059959888458,-0.00008399999933317304,1,0.9549687504768372,0.04906885698437691,-0.29261964559555054,0,-0.16728319227695465,0.9035789370536804,-0.3944120407104492,0,0.24505163729190826,0.42560112476348877,0.8710987567901611,0,0,0.22697299718856812,0,1,0.771578311920166,-0.5266578793525696,0.35678842663764954,0,0.48265114426612854,0.8500250577926636,0.21096433699131012,0,-0.4143841862678528,0.009428233839571476,0.9100533127784729,0,0,0.6160339713096619,0,1,-0.9727458953857422,-0.04339180886745453,0.22777539491653442,0,0.20203335583209991,-0.6406689882278442,0.7407597303390503,0,0.11378509551286697,0.7665897607803345,0.6319759488105774,0,0.18921500444412231,-0.10932400077581406,-0.002968000015243888,1,0.9727890491485596,-0.23165951669216156,0.0039026569575071335,0,0.0708678588271141,0.281467467546463,-0.9569493532180786,0,0.22058866918087006,0.9311864972114563,0.29022547602653503,0,0,0.6271359920501709,0,1,0.9852629899978638,-0.05062173679471016,0.1633860468864441,0,-0.0828992947936058,0.694198489189148,0.714993417263031,0,-0.1496167629957199,-0.7180014848709106,0.6797715425491333,0,0,0.5575649738311768,0,1,0.9991530179977417,-0.01295291818678379,0.039065852761268616,0,-0.013614977709949017,0.7917288541793823,0.6107200980186462,0,-0.038839828222990036,-0.6107351183891296,0.790881872177124,0,0,0.3533110022544861,0,1,-0.7898756265640259,0.33561891317367554,-0.5132794380187988,0,-0.5739352107048035,-0.6994559168815613,0.4258641004562378,0,-0.21608909964561462,0.6309694051742554,0.7451057434082031,0,-0.18921500444412231,-0.10932400077581406,0.00007899999764049426,1,0.9404909610748291,0.24972043931484222,-0.23047183454036713,0,-0.21352288126945496,-0.09334459900856018,-0.9724676012992859,0,-0.26435884833335876,0.9638082385063171,-0.034468647092580795,0,0,0.6272590160369873,0,1,0.9116440415382385,0.32653680443763733,-0.24955804646015167,0,-0.07349418848752975,0.726965606212616,0.6827293038368225,0,0.40435582399368286,-0.6040653586387634,0.6867325901985168,0,0,0.5584380030632019,0,1,0.9999970197677612,-0.0012730647576972842,0.0021798901725560427,0,-0.00007588644075440243,0.8480739593505859,0.5298771262168884,0,-0.002523942617699504,-0.5298761129379272,0.8480719327926636,0,0,0.3551889955997467,0,1
K0.200,0.9112840294837952,0.10407699644565582,0.39840900897979736,0,-0.08659099787473679,0.9943320155143738,-0.061691004782915115,0,-0.4025709927082062,0.021720001474022865,0.9151309728622437,0,-0.06806199997663498,1.7997009754180908,0.022937996312975883,1,0.9998319745063782,-0.0150910010561347,0.010358000174164772,0,0.01401900127530098,0.9952059984207153,0.0967859998345375,0,-0.011769001372158527,-0.09662500023841858,0.9952509999275208,0,0,0.19666999578475952,-0.004044000059366226,1,0.9993979930877686,-0.03097900189459324,0.015608000569045544,0,0.026496000587940216,0.9721390008926392,0.23290400207042694,0,-0.022388001903891563,-0.23235000669956207,0.9723749756813049,0,0,0.2294970005750656,0,1,0.9993979930877686,-0.03097900189459324,0.015608000569045544,0,0.026496000587940216,0.9721390008926392,0.23290400207042694,0,-0.022388001903891563,-0.23235000669956207,0.9723749756813049,0,0,0.26228201389312744,0,1,0.9942399859428406,-0.0715939998626709,-0.07976000010967255,0,0.0678270012140274,0.9964939951896667,-0.04898200184106827,0,0.08298700302839279,0.04329000040888786,0.9956099987030029,0,0,0.29506799578666687,0,1,0.9712769985198975,0.06898900121450424,-0.22773100435733795,0,0.0005210006493143737,0.9564300179481506,0.29196101427078247,0,0.23794999718666077,-0.28369399905204773,0.9289230108261108,0,0,0.3114889860153198,-0.002174000022932887,1,0.019457999616861343,-0.06248199939727783,-0.9978560209274292,0,0.9068520069122314,-0.41915398836135864,0.043928999453783035,0,-0.42100098729133606,-0.9057620167732239,0.048505999147892,0,0.10776299983263016,0.25653600692749023,-0.0015020000282675028,1,0.719310998916626,0.6048719882965088,0.3416450023651123,0,-0.2654989957809448,0.6938289999961853,-0.6694120168685913,0,-0.6419519782066345,0.39080899953842163,0.6596710085868835,0,0,0.22697299718856812,0,1,0.8808090090751648,0.4364520013332367,-0.18353497982025146,0,-0.3966139853000641,0.8918570280075073,0.21745799481868744,0,0.2585969865322113,-0.11874599754810333,0.9586589932441711,0,0,0.6162840127944946,0,1,-0.14754000306129456,0.0559380017220974,0.9874730110168457,0,-0.8957880139350891,-0.4307979941368103,-0.10943800210952759,0,0.4192799925804138,-0.9007130265235901,0.11366800218820572,0,-0.10776299983263016,0.2565059959888458,-0.00008399999933317304,1,0.9669539928436279,0.11387798935174942,-0.22810299694538116,0,-0.185807004570961,0.9273989796638489,-0.32466399669647217,0,0.1745709925889969,0.35631901025772095,0.9179120063781738,0,0,0.22697299718856812,0,1,0.7423869967460632,-0.5701770186424255,0.3517949879169464,0,0.5055860280990601,0.8213179707527161,0.2642360031604767,0,-0.4395959973335266,-0.018302997574210167,0.8980090022087097,0,0,0.6160339713096619,0,1,-0.9910579919815063,-0.0539029985666275,0.12205800414085388,0,0.11963500827550888,-0.764054000377655,0.6339629888534546,0,0.05908600240945816,0.6428970098495483,0.763670027256012,0,0.18921500444412231,-0.10932400077581406,-0.002968000015243888,1,0.9545930027961731,-0.24259799718856812,-0.17291298508644104,0,0.028537003323435783,0.6522039175033569,-0.7575060129165649,0,0.29654398560523987,0.7181749939918518,0.6295119524002075,0,0,0.6271359920501709,0,1,0.9785590171813965,-0.12096599489450455,0.166702002286911,0,-0.01479500625282526,0.7659909725189209,0.6426799893379211,0,-0.20543499290943146,-0.631367027759552,0.7477779984474182,0,0,0.5575649738311768,0,1,0.9989100098609924,-0.018239999189972878,0.04297500103712082,0,-0.011625000275671482,0.7943429946899414,0.6073579788208008,0,-0.045214999467134476,-0.6071950197219849,0.7932649850845337,0,0,0.3533110022544861,0,1,-0.7286549806594849,0.4360480010509491,-0.5281320214271545,0,-0.5801960229873657,-0.8027529716491699,0.13770003616809845,0,-0.3639160096645355,0.40675604343414307,0.837922990322113,0,-0.18921500444412231,-0.10932400077581406,0.00007899999764049426,1,0.9522759914398193,0.1548430174589157,-0.263045996427536,0,-0.2957949936389923,0.255454957485199,-0.9204609990119934,0,-0.07533101737499237,0.9543409943580627,0.289065957069397,0,0,0.6272590160369873,0,1,0.8965790271759033,0.3774079978466034,-0.23175400495529175,0,-0.09866800159215927,0.6803460121154785,0.7262189984321594,0,0.4317539930343628,-0.628246009349823,0.6472219824790955,0,0,0.5584380030632019,0,1,0.9998639822006226,-0.011581999249756336,-0.01169899944216013,0,0.016016997396945953,0.8485400080680847,0.5288879871368408,0,0.0038019996136426926,-0.5290039777755737,0.8486109972000122,0,0,0.3551889955997467,0,1
